175
26
1 -2.9802e-008 -6.6174e-024 0 2.9802e-008 1 0 0 1.3235e-023 -6.6174e-024 1 0 -3.638e-012 -1.5259e-005 -4.2352e-022 1
1 1.4679e-014 -3.4694e-018 0 4.6799e-016 1 0 0 3.4694e-018 0 1 0 -3.8147e-006 -1.5259e-005 0 1
1 -1.0197e-015 1.3878e-017 0 -1.0197e-015 1 -2.9104e-011 0 1.3878e-017 2.9104e-011 1 0 -1.9073e-006 1.5259e-005 3.7253e-009 1
1 0 0 0 2.8422e-014 1 5.9605e-008 0 -1.4211e-014 -2.9802e-008 1 0 -6.1787e-007 -1.9073e-006 -2.0147e-006 1
1 -3.1532e-017 6.9389e-018 0 6.9276e-019 1 4.4409e-016 0 -1.3878e-017 2.8422e-014 1 0 -1.9073e-006 -2.3842e-007 -1.8794e-006 1
1 -5.2428e-015 0 0 1.8626e-015 1 2.9104e-011 0 3.4694e-018 -2.9104e-011 1 0 1.9073e-006 0 -7.4506e-009 1
1 1.7829e-014 0 0 -3.9014e-014 1 0 0 1.3878e-017 0 1 0 1.9073e-006 1.5259e-005 7.4506e-009 1
1 2.3022e-012 -7.276e-012 0 3.2685e-012 1 -2.9824e-008 0 7.276e-012 2.9781e-008 1 0 -5.6648e-007 0 3.3993e-007 1
1 8.1682e-016 0 0 7.8236e-016 1 -7.1054e-015 0 -7.1054e-015 0 1 0 1.9073e-006 -2.3842e-007 -2.7211e-006 1
1 -1.1179e-031 5.294e-023 0 -1.1179e-031 1 0 0 0 0 1 0 -1.0004e-011 0 3.3881e-021 1
1 -6.6438e-031 0 0 -6.6438e-031 1 0 0 0 0 1 0 9.0949e-012 -3.0518e-005 1.3553e-020 1
1 -2.2145e-030 -2.1176e-022 0 -2.2145e-030 1 1.0588e-022 0 0 0 1 0 1.4023e-005 3.0518e-005 5.421e-020 1
1 -9.0949e-013 -4.2352e-022 0 9.0949e-013 1 0 0 4.2352e-022 1.0588e-022 1 0 -1.9073e-006 -3.0518e-005 2.7105e-020 1
1 -4.4196e-012 0 0 -4.4196e-012 1 0 0 -5.8208e-011 0 1 0 0 -3.0518e-005 -7.4506e-009 1
1 -4.0225e-014 0 0 -4.0224e-014 1 -2.8422e-014 0 0 -2.8422e-014 1 0 0 0 -3.2596e-009 1
1 -1.3037e-022 -1.0842e-019 0 -4.7401e-022 1 0 0 4.3368e-019 0 1 0 -1.5259e-005 0 2.8077e-009 1
1 -4.2122e-030 0 0 -4.2122e-030 1 0 0 0 0 1 0 0 0 0 1
1 -1.8915e-011 0 0 -1.8659e-011 1 0 0 -5.8208e-011 -1.4552e-011 1 0 0 0 -1.1176e-008 1
1 1.6011e-015 0 0 1.6376e-015 1 0 0 -3.638e-012 0 1 0 7.6294e-006 0 4.6566e-010 1
1 -8.2641e-021 -6.9389e-018 0 -8.2577e-021 1 1.3878e-017 0 1.3878e-017 -6.9389e-018 1 0 1.5259e-005 0 6.8716e-009 1
1 -8.3019e-021 -6.9389e-018 0 -8.2956e-021 1 6.9389e-018 0 1.3878e-017 0 1 0 0 0 5.0131e-008 1
1 6.3704e-016 0 0 6.3526e-016 1 6.9389e-018 0 -3.638e-012 -6.9389e-018 1 0 3.0518e-005 0 -1.5134e-007 1
1 3.692e-016 0 0 3.7317e-016 1 0 0 7.276e-012 0 1 0 1.5259e-005 0 5.709e-007 1
1 -3.1367e-016 0 0 -3.16e-016 1 0 0 -3.638e-012 6.9389e-018 1 0 1.5259e-005 0 -1.0245e-008 1
1 2.8422e-014 0 0 -2.8422e-014 1 1.0588e-022 0 0 -1.0588e-022 1 0 0 3.0518e-005 -5.421e-020 1
1 3.5527e-015 -4.2352e-022 0 -3.5527e-015 1 1.0588e-022 0 4.2352e-022 0 1 0 0 6.1035e-005 -5.421e-020 1
0.99999 0.0041519 -0.0016578 0 -0.0040615 0.99868 0.051252 0 0.0018684 -0.051245 0.99868 0 0.95395 -3.1083 -11.847 1
1 0.00045561 -0.0010423 0 -0.00065227 0.98035 -0.19727 0 0.00093198 0.19727 0.98035 0 0.16774 1.2276 45.424 1
1 0.00033157 0.00025304 0 -0.00035509 0.99504 0.099468 0 -0.00021881 -0.099469 0.99504 0 0.12858 -0.69232 6.2661 1
1 0.00078363 0.00030405 0 -0.00078196 0.99999 -0.0054444 0 -0.00030831 0.0054441 0.99999 0 0.13967 -0.83442 8.991 1
1 0.00078362 0.00030407 0 -0.00078196 0.99999 -0.0054444 0 -0.00030833 0.0054442 0.99999 0 0.13967 -0.83442 8.991 1
1 0.00075025 -0.0017053 0 -0.00095637 0.99225 -0.12428 0 0.0015988 0.12428 0.99225 0 0.23838 -1.7278 28.616 1
1 0.00035211 0.00015783 0 -0.00037698 0.97878 0.2049 0 -8.2336e-005 -0.2049 0.97878 0 0.16212 0.048172 -14.723 1
1 0.0010675 0.00031725 0 -0.0010955 0.99413 0.10819 0 -0.0001999 -0.10819 0.99413 0 0.18077 -0.32923 -12.205 1
1 0.0010674 0.00031734 0 -0.0010402 0.9971 -0.076121 0 -0.00039767 0.076121 0.9971 0 0.18618 -5.5919 -11.558 1
0.99998 0.0048937 -0.0045146 0 -0.0047963 0.99976 0.021345 0 0.004618 -0.021323 0.99976 0 1.1506 -3.3982 -3.8408 1
0.99982 0.013266 -0.013776 0 -0.01236 0.99788 0.06389 0 0.014594 -0.063708 0.99786 0 3.4766 -2.82 -16.925 1
0.9995 0.021259 -0.023463 0 -0.018662 0.99421 0.10585 0 0.025578 -0.10536 0.99411 0 5.6947 -1.527 -31.692 1
0.9995 0.021242 -0.023465 0 -0.018645 0.99421 0.10585 0 0.025578 -0.10536 0.99411 0 5.6884 -1.5267 -31.692 1
0.84451 -0.48502 -0.22707 0 0.52483 0.83394 0.17061 0 0.10662 -0.26325 0.95882 0 -182.66 87.135 -43.026 1
0.83794 -0.54212 -0.062955 0 0.52741 0.77469 0.34885 0 -0.14035 -0.32551 0.93506 0 -182.78 115.83 -128.4 1
0.83792 -0.54215 -0.062972 0 0.54571 0.83425 0.07897 0 0.0097207 -0.10054 0.99489 0 -189.43 94.181 -30.238 1
0.9995 0.021259 -0.023463 0 -0.018662 0.99421 0.10585 0 0.025578 -0.10536 0.99411 0 5.6947 -1.5271 -31.692 1
0.82322 0.56705 -0.027569 0 -0.53774 0.7944 0.28243 0 0.18205 -0.21768 0.95889 0 183.89 103.88 -96.156 1
0.80024 0.53231 -0.27615 0 -0.4077 0.82064 0.40042 0 0.43977 -0.20785 0.87373 0 133.73 89.997 -170.19 1
0.80013 0.53252 -0.27608 0 -0.53341 0.8422 0.078577 0 0.27436 0.084391 0.95792 0 179.42 82.201 -53.119 1
0.80013 0.53252 -0.27608 0 -0.53341 0.8422 0.078577 0 0.27436 0.084391 0.95792 0 179.42 82.201 -53.119 1
0.80013 0.53252 -0.27608 0 -0.5334 0.8422 0.078577 0 0.27436 0.084391 0.95792 0 179.42 82.201 -53.119 1
0.80013 0.53252 -0.27608 0 -0.5334 0.8422 0.078577 0 0.27436 0.084391 0.95792 0 179.42 82.201 -53.119 1
0.80013 0.53252 -0.27608 0 -0.5334 0.8422 0.078577 0 0.27436 0.084391 0.95792 0 179.42 82.201 -53.119 1
0.9995 0.021259 -0.023463 0 -0.018662 0.99421 0.10585 0 0.025578 -0.10536 0.99411 0 5.6946 -1.527 -31.692 1
0.9995 0.021259 -0.023463 0 -0.018662 0.99421 0.10585 0 0.025578 -0.10536 0.99411 0 5.6947 -1.5273 -31.692 1
0.99997 0.0071447 -0.0032467 0 -0.0067889 0.99508 0.098813 0 0.0039367 -0.098788 0.9951 0 1.5847 -5.4063 -22.838 1
1 -3.1381e-005 -0.0024013 0 -0.00086769 0.92765 -0.37346 0 0.0022393 0.37346 0.92764 0 0.21882 10.355 86.007 1
1 -0.00050386 5.9509e-005 0 0.00048323 0.98161 0.19091 0 -0.00015461 -0.19091 0.98161 0 0.040728 3.28 11.529 1
1 0.00036906 0.00015345 0 -0.00036743 0.99995 -0.010473 0 -0.00015731 0.010473 0.99995 0 0.062816 2.7772 16.76 1
1 0.00036905 0.00015349 0 -0.00036743 0.99995 -0.010473 0 -0.00015735 0.010473 0.99995 0 0.062811 2.7772 16.76 1
0.99999 0.00059258 -0.003651 0 -0.0014473 0.97107 -0.23879 0 0.0034039 0.23879 0.97107 0 0.35402 -0.06749 54.974 1
1 -0.00084234 -0.00026722 0 0.00088003 0.92165 0.38802 0 -8.0558e-005 -0.38802 0.92165 0 0.047546 6.4294 -27.554 1
1 0.0004998 0.00017736 0 -0.00052579 0.97804 0.2084 0 -6.9311e-005 -0.2084 0.97804 0 0.084077 5.0041 -22.873 1
1 0.00049969 0.00017751 0 -0.00046853 0.98935 -0.14554 0 -0.00024835 0.14554 0.98935 0 0.088943 -5.1246 -21.791 1
0.99992 0.0086764 -0.0086877 0 -0.0083113 0.99912 0.041209 0 0.0090376 -0.041134 0.99911 0 1.9922 -6.4859 -7.4181 1
0.99932 0.025872 -0.026138 0 -0.022467 0.99214 0.12309 0 0.029117 -0.12242 0.99205 0 6.3455 -4.3406 -32.601 1
0.99812 0.042938 -0.04375 0 -0.033183 0.97855 0.20334 0 0.051543 -0.2015 0.97813 0 10.117 0.44379 -60.841 1
0.99812 0.042905 -0.043757 0 -0.03315 0.97855 0.20334 0 0.051543 -0.2015 0.97813 0 10.105 0.44418 -60.84 1
0.46866 -0.74396 -0.47631 0 0.88274 0.41491 0.2205 0 0.033585 -0.5238 0.85118 0 -291.21 252.64 -41.129 1
0.4158 -0.89129 -0.18088 0 0.80365 0.26698 0.53185 0 -0.42574 -0.36651 0.82729 0 -255.84 324.89 -191.35 1
0.41576 -0.8913 -0.18092 0 0.90839 0.41668 0.034734 0 0.044429 -0.17879 0.98288 0 -293.91 270.45 -10.537 1
0.99812 0.042938 -0.04375 0 -0.033183 0.97855 0.20334 0 0.051543 -0.2015 0.97813 0 10.117 0.44376 -60.841 1
0.39912 0.9161 0.038363 0 -0.81805 0.33688 0.46616 0 0.41412 -0.21743 0.88387 0 259.61 286.19 -151.49 1
0.29358 0.85523 -0.42708 0 -0.557 0.51613 0.65066 0 0.77689 0.046863 0.62789 0 151.47 213.39 -276.87 1
0.29327 0.85547 -0.42681 0 -0.91943 0.37472 0.1193 0 0.26199 0.35743 0.89644 0 283.21 264.87 -83.554 1
0.29328 0.85547 -0.42681 0 -0.91943 0.37472 0.1193 0 0.26199 0.35743 0.89644 0 283.21 264.87 -83.554 1
0.29328 0.85547 -0.42681 0 -0.91943 0.37472 0.1193 0 0.26199 0.35743 0.89644 0 283.21 264.87 -83.554 1
0.29328 0.85547 -0.42681 0 -0.91943 0.37472 0.1193 0 0.26199 0.35743 0.89644 0 283.21 264.87 -83.554 1
0.29328 0.85547 -0.42681 0 -0.91943 0.37472 0.1193 0 0.26199 0.35743 0.89644 0 283.21 264.87 -83.554 1
0.99812 0.042938 -0.04375 0 -0.033183 0.97855 0.20334 0 0.051543 -0.2015 0.97813 0 10.117 0.4437 -60.84 1
0.99812 0.042938 -0.04375 0 -0.033183 0.97855 0.20334 0 0.051543 -0.2015 0.97813 0 10.117 0.44336 -60.841 1
0.99996 0.0082966 -0.0040263 0 -0.0077414 0.99245 0.1224 0 0.0050114 -0.12237 0.99247 0 1.8001 -6.2263 -28.289 1
0.99999 -0.00055985 -0.0031979 0 -0.00094828 0.8917 -0.45263 0 0.003105 0.45263 0.89169 0 0.233 17.265 104.25 1
1 -0.0012939 -0.00020476 0 0.0013059 0.9722 0.23415 0 -0.0001039 -0.23415 0.9722 0 -0.064184 6.7049 13.614 1
1 -0.00021427 -9.1515e-005 0 0.00021311 0.99992 -0.012457 0 9.4177e-005 0.012457 0.99992 0 -0.035828 5.952 20.019 1
1 -0.00021427 -9.1491e-005 0 0.00021311 0.99992 -0.012457 0 9.4153e-005 0.012457 0.99992 0 -0.035831 5.952 20.019 1
0.99999 0.00021225 -0.0047181 0 -0.0016096 0.9545 -0.2982 0 0.0044401 0.29821 0.95449 0 0.38754 2.2795 68.651 1
1 -0.0019155 -0.00074741 0 0.0020406 0.87998 0.47501 0 -0.00025217 -0.47501 0.87998 0 -0.093204 12.071 -33.16 1
1 -0.00028983 -0.00011182 0 0.00030901 0.96501 0.26221 0 3.1911e-005 -0.26221 0.96501 0 -0.048152 9.9098 -27.611 1
1 -0.00028993 -0.0001117 0 0.00026636 0.98506 -0.17223 0 0.00015997 0.17223 0.98506 0 -0.051638 -2.5471 -26.459 1
0.99989 0.010215 -0.010671 0 -0.0096553 0.99864 0.051272 0 0.01118 -0.051163 0.99863 0 2.3125 -7.8827 -9.247 1
0.99898 0.031944 -0.031825 0 -0.026753 0.98803 0.15193 0 0.036297 -0.15093 0.98788 0 7.5707 -4.6198 -40.204 1
0.99716 0.053836 -0.052749 0 -0.039001 0.96744 0.25009 0 0.064495 -0.24732 0.96678 0 11.881 2.6276 -74.75 1
0.99716 0.053796 -0.052759 0 -0.03896 0.96744 0.25009 0 0.064495 -0.24732 0.96678 0 11.866 2.6279 -74.749 1
0.24413 -0.77533 -0.58247 0 0.9675 0.15392 0.20063 0 -0.065897 -0.61252 0.78771 0 -308.98 348.23 -24.978 1
0.14794 -0.96231 -0.22818 0 0.82111 -0.0090913 0.5707 0 -0.55127 -0.27179 0.78882 0 -243.71 430.94 -203.92 1
0.14788 -0.96231 -0.22824 0 0.98659 0.15966 -0.033925 0 0.069088 -0.22016 0.97301 0 -303.86 369.56 15.995 1
0.99716 0.053836 -0.052749 0 -0.039001 0.96744 0.25009 0 0.064495 -0.24732 0.96678 0 11.881 2.6275 -74.75 1
0.14351 0.98582 0.086994 0 -0.85597 0.079524 0.51088 0 0.49671 -0.14778 0.85524 0 257.77 381.46 -161.21 1
-0.00011346 0.88057 -0.47392 0 -0.57524 0.3876 0.72032 0 0.81798 0.2727 0.5065 0 137.7 256.25 -307.6 1
-0.00050948 0.88077 -0.47353 0 -0.9914 0.06152 0.11549 0 0.13086 0.46952 0.87317 0 288.96 374.89 -87.546 1
-0.00050785 0.88077 -0.47353 0 -0.9914 0.061522 0.11549 0 0.13086 0.46952 0.87317 0 288.96 374.89 -87.546 1
-0.00050758 0.88077 -0.47353 0 -0.9914 0.061522 0.11549 0 0.13086 0.46952 0.87317 0 288.96 374.89 -87.546 1
-0.00050692 0.88077 -0.47353 0 -0.9914 0.061523 0.11549 0 0.13086 0.46952 0.87317 0 288.96 374.89 -87.546 1
-0.00050707 0.88077 -0.47353 0 -0.9914 0.061523 0.11549 0 0.13086 0.46952 0.87317 0 288.96 374.89 -87.546 1
0.99716 0.053836 -0.052749 0 -0.039001 0.96744 0.25009 0 0.064495 -0.24732 0.96678 0 11.881 2.6274 -74.75 1
0.99716 0.053836 -0.052749 0 -0.039001 0.96744 0.25009 0 0.064495 -0.24732 0.96678 0 11.881 2.6272 -74.75 1
0.99996 0.0082376 -0.0039306 0 -0.0076954 0.99247 0.12225 0 0.004908 -0.12222 0.99249 0 1.7899 -5.9959 -28.253 1
0.99999 -0.00048734 -0.0031175 0 -0.00094684 0.89612 -0.4438 0 0.0030099 0.4438 0.89612 0 0.2331 16.476 102.21 1
1 -0.0012326 -0.00018003 0 0.0012409 0.9731 0.23039 0 -0.00010879 -0.23039 0.9731 0 -0.055313 6.3804 13.241 1
1 -0.00016088 -6.779e-005 0 0.0001601 0.99994 -0.011341 0 6.9609e-005 0.011341 0.99994 0 -0.027261 5.6507 19.52 1
1 -0.00016087 -6.7821e-005 0 0.00016009 0.99994 -0.011341 0 6.964e-005 0.011341 0.99994 0 -0.027262 5.6507 19.52 1
0.99999 0.00021238 -0.0046164 0 -0.001609 0.95244 -0.30472 0 0.0043322 0.30472 0.95243 0 0.3878 2.9909 70.154 1
1 -0.0018271 -0.00072273 0 0.0019508 0.87938 0.47612 0 -0.00023436 -0.47612 0.87938 0 -0.081047 12.593 -32.665 1
1 -0.00021934 -8.4794e-005 0 0.00023411 0.96259 0.27097 0 2.2185e-005 -0.27097 0.96259 0 -0.036377 10.479 -27.315 1
1 -0.00021934 -8.4793e-005 0 0.00020334 0.98763 -0.15677 0 0.00011813 0.15677 0.98763 0 -0.038994 -1.8071 -26.331 1
0.99989 0.010072 -0.010451 0 -0.0095199 0.99862 0.0516 0 0.010956 -0.051495 0.99861 0 2.2783 -7.643 -9.3397 1
0.99902 0.031311 -0.031187 0 -0.026267 0.98823 0.15073 0 0.03554 -0.14976 0.98808 0 7.4288 -4.4458 -39.825 1
0.99727 0.052686 -0.051734 0 -0.038312 0.96815 0.24743 0 0.063122 -0.24478 0.96752 0 11.668 2.6209 -73.859 1
0.99727 0.052647 -0.051744 0 -0.038272 0.96815 0.24743 0 0.063122 -0.24478 0.96752 0 11.653 2.6213 -73.858 1
0.2664 -0.77457 -0.57366 0 0.96149 0.17184 0.21448 0 -0.067546 -0.6087 0.79052 0 -308.08 341.85 -30.558 1
0.16955 -0.95994 -0.2231 0 0.81599 0.0097928 0.57798 0 -0.55264 -0.28005 0.78496 0 -243.06 424 -206.64 1
0.16949 -0.95993 -0.22316 0 0.98387 0.17794 -0.018138 0 0.057119 -0.21649 0.97461 0 -304.08 362.85 10.177 1
0.99727 0.052686 -0.051734 0 -0.038312 0.96815 0.24743 0 0.063122 -0.24478 0.96752 0 11.668 2.6209 -73.859 1
0.16203 0.98222 0.094792 0 -0.85779 0.092713 0.50558 0 0.4878 -0.16323 0.85756 0 259.58 376.77 -158.95 1
0.016966 0.88802 -0.45949 0 -0.57014 0.38611 0.72516 0 0.82137 0.24967 0.51285 0 136.81 258.28 -308.2 1
0.016569 0.88823 -0.4591 0 -0.98874 0.082839 0.12459 0 0.14869 0.45187 0.87961 0 288.96 368.63 -89.691 1
0.01657 0.88823 -0.4591 0 -0.98874 0.08284 0.12459 0 0.14869 0.45187 0.8796 0 288.96 368.63 -89.691 1
0.016571 0.88823 -0.4591 0 -0.98874 0.08284 0.12459 0 0.14869 0.45187 0.8796 0 288.96 368.63 -89.691 1
0.016571 0.88823 -0.4591 0 -0.98874 0.082841 0.12459 0 0.14869 0.45187 0.8796 0 288.96 368.63 -89.691 1
0.016571 0.88823 -0.4591 0 -0.98874 0.082841 0.12459 0 0.14869 0.45187 0.8796 0 288.96 368.63 -89.691 1
0.99727 0.052686 -0.051734 0 -0.038312 0.96815 0.24743 0 0.063122 -0.24477 0.96752 0 11.668 2.6207 -73.858 1
0.99727 0.052686 -0.051734 0 -0.038312 0.96815 0.24743 0 0.063122 -0.24478 0.96752 0 11.668 2.6206 -73.859 1
0.99996 0.0079828 -0.0036893 0 -0.0074902 0.99294 0.11834 0 0.004608 -0.11831 0.99297 0 1.7439 -5.544 -27.349 1
1 -0.00030134 -0.0028915 0 -0.00094126 0.90748 -0.4201 0 0.0027505 0.4201 0.90747 0 0.23318 14.407 96.752 1
1 -0.0010331 -0.00010744 0 0.0010315 0.97562 0.21944 0 -0.00012187 -0.21944 0.97563 0 -0.026863 5.4731 12.354 1
1 -4.9603e-009 7.977e-008 0 5.8171e-009 0.99995 -0.0098608 0 -8.0262e-008 0.0098608 0.99995 0 -8.0878e-005 4.81 18.31 1
1 2.0304e-008 9.8401e-009 0 -2.0136e-008 0.99995 -0.0098608 0 -1.0585e-008 0.0098608 0.99995 0 -8.3923e-005 4.81 18.31 1
0.99999 0.00027691 -0.0043162 0 -0.001574 0.95282 -0.30354 0 0.0040285 0.30355 0.95281 0 0.38097 3.4752 69.887 1
1 -0.001538 -0.00060283 0 0.0016423 0.88632 0.46306 0 -0.0001779 -0.46306 0.88632 0 -0.042639 12.217 -31.061 1
1 -5.5139e-008 9.872e-008 0 2.5884e-008 0.96173 0.27402 0 -1.1054e-007 -0.27402 0.96172 0 9.2221e-005 10.304 -26.13 1
1 2.242e-008 5.9781e-009 0 -2.1299e-008 0.99097 -0.13407 0 -9.4222e-009 0.13407 0.99097 0 8.7738e-005 -1.4388 -25.344 1
0.9999 0.0096341 -0.0098651 0 -0.009126 0.99869 0.05032 0 0.010337 -0.050225 0.99868 0 2.1818 -7.0823 -9.1393 1
0.99913 0.029526 -0.029502 0 -0.024952 0.98913 0.1449 0 0.03346 -0.14403 0.98901 0 7.0489 -4.1425 -38.225 1
0.99757 0.049476 -0.049059 0 -0.036477 0.97075 0.23728 0 0.059364 -0.23492 0.9702 0 11.105 2.3252 -70.74 1
0.99757 0.049438 -0.049068 0 -0.036438 0.97076 0.23728 0 0.059364 -0.23492 0.9702 0 11.091 2.3256 -70.739 1
0.32543 -0.77121 -0.54712 0 0.94407 0.23242 0.23392 0 -0.053233 -0.59264 0.80371 0 -305.16 320.08 -39.631 1
0.23493 -0.94955 -0.20776 0 0.8103 0.073266 0.58141 0 -0.53686 -0.30494 0.78663 0 -245.2 400.3 -208.5 1
0.23488 -0.94955 -0.20781 0 0.97123 0.23792 0.010624 0 0.039355 -0.20433 0.97811 0 -303.7 340.42 -0.88617 1
0.99757 0.049476 -0.049059 0 -0.036476 0.97075 0.23729 0 0.059364 -0.23492 0.9702 0 11.105 2.3252 -70.74 1
0.22283 0.96997 0.097526 0 -0.85734 0.14737 0.4932 0 0.46402 -0.19351 0.86443 0 263.15 357 -155.01 1
0.0823 0.89637 -0.4356 0 -0.56435 0.40217 0.72095 0 0.82142 0.1865 0.53896 0 139 255.13 -304.59 1
0.081914 0.89659 -0.43522 0 -0.97853 0.15523 0.13561 0 0.18914 0.41477 0.89005 0 289.55 344.99 -91.623 1
0.081916 0.89659 -0.43522 0 -0.97853 0.15523 0.13561 0 0.18914 0.41477 0.89005 0 289.55 344.99 -91.622 1
0.081916 0.89659 -0.43522 0 -0.97853 0.15523 0.13561 0 0.18914 0.41477 0.89005 0 289.55 344.99 -91.623 1
0.081917 0.89659 -0.43522 0 -0.97853 0.15523 0.13561 0 0.18914 0.41477 0.89005 0 289.55 344.99 -91.622 1
0.081916 0.89659 -0.43522 0 -0.97853 0.15523 0.13561 0 0.18914 0.41477 0.89005 0 289.55 344.99 -91.622 1
0.99757 0.049476 -0.049059 0 -0.036477 0.97076 0.23728 0 0.059364 -0.23492 0.9702 0 11.105 2.325 -70.74 1
0.99757 0.049476 -0.049059 0 -0.036476 0.97075 0.23728 0 0.059364 -0.23492 0.9702 0 11.105 2.325 -70.74 1
0.99996 0.0079337 -0.0036237 0 -0.0074447 0.99283 0.11933 0 0.0045444 -0.11929 0.99285 0 1.7334 -5.1956 -27.575 1
1 -0.000248 -0.0028539 0 -0.00095251 0.91078 -0.41289 0 0.0027017 0.41289 0.91077 0 0.2358 13.964 95.091 1
1 -0.0010444 -0.00010622 0 0.0010423 0.97582 0.21857 0 -0.00012462 -0.21857 0.97582 0 -0.027161 5.4413 11.759 1
1 -5.7368e-008 1.0625e-007 0 5.8418e-008 0.99996 -0.0092523 0 -1.0625e-007 0.0092523 0.99996 0 -9.1781e-005 4.7827 17.677 1
1 -3.9359e-008 4.9993e-008 0 3.9889e-008 0.99996 -0.0092522 0 -5.0164e-008 0.0092522 0.99996 0 -9.5367e-005 4.7827 17.677 1
0.99999 0.00023257 -0.0042543 0 -0.0015569 0.9494 -0.31406 0 0.0039659 0.31407 0.94939 0 0.377 4.5843 72.313 1
1 -0.0015207 -0.00060263 0 0.0016264 0.88477 0.46602 0 -0.00017551 -0.46602 0.88477 0 -0.042238 13.083 -30.414 1
1 -3.6122e-007 -1.7033e-008 0 3.5037e-007 0.9575 0.28843 0 -8.8585e-008 -0.28843 0.9575 0 6.6623e-005 11.238 -25.781 1
1 -2.9753e-007 -1.1444e-007 0 2.8169e-007 0.99287 -0.11916 0 1.4827e-007 0.11916 0.99287 0 6.2943e-005 -0.51478 -25.172 1
0.99991 0.0094659 -0.0097123 0 -0.0089594 0.99866 0.050939 0 0.010181 -0.050848 0.99865 0 2.1389 -6.7574 -9.2687 1
0.99916 0.028977 -0.029043 0 -0.024456 0.98906 0.14544 0 0.03294 -0.14461 0.98894 0 6.9047 -3.8058 -38.332 1
0.99765 0.048544 -0.048295 0 -0.03572 0.97066 0.23779 0 0.058421 -0.2355 0.97012 0 10.869 2.6713 -70.832 1
0.99765 0.048507 -0.048304 0 -0.035682 0.97066 0.23779 0 0.058421 -0.23551 0.97012 0 10.855 2.6718 -70.831 1
0.32818 -0.7724 -0.54377 0 0.94256 0.22982 0.24241 0 -0.062266 -0.59209 0.80346 0 -304.74 321.35 -42.784 1
0.23319 -0.95184 -0.19904 0 0.80491 0.074078 0.58876 0 -0.54566 -0.2975 0.78342 0 -242.8 400.47 -211.9 1
0.23314 -0.95185 -0.19909 0 0.97195 0.23457 0.016692 0 0.030812 -0.1974 0.97984 0 -303.52 342.1 -3.8299 1
0.99765 0.048544 -0.048295 0 -0.03572 0.97066 0.23779 0 0.058421 -0.23551 0.97011 0 10.869 2.6713 -70.832 1
0.22285 0.96855 0.11064 0 -0.86088 0.14227 0.48852 0 0.45741 -0.20412 0.86551 0 264.47 359.14 -152.48 1
0.08076 0.9017 -0.42475 0 -0.5632 0.39288 0.72695 0 0.82237 0.18051 0.53956 0 138.43 259.64 -306.22 1
0.08037 0.90191 -0.42437 0 -0.97838 0.15277 0.13939 0 0.19054 0.40399 0.8947 0 289.33 347.01 -92.447 1
0.080372 0.90191 -0.42437 0 -0.97838 0.15277 0.13939 0 0.19054 0.40399 0.8947 0 289.33 347.01 -92.446 1
0.080371 0.90191 -0.42437 0 -0.97838 0.15277 0.13939 0 0.19054 0.40399 0.89469 0 289.33 347.01 -92.447 1
0.080372 0.90191 -0.42437 0 -0.97838 0.15277 0.13938 0 0.19054 0.40399 0.89469 0 289.33 347.01 -92.446 1
0.080372 0.90191 -0.42437 0 -0.97838 0.15277 0.13938 0 0.19054 0.40399 0.89469 0 289.33 347.01 -92.446 1
0.99765 0.048545 -0.048295 0 -0.03572 0.97066 0.23779 0 0.058421 -0.2355 0.97012 0 10.869 2.6711 -70.831 1
0.99765 0.048544 -0.048295 0 -0.03572 0.97066 0.23779 0 0.058421 -0.2355 0.97012 0 10.869 2.671 -70.832 1
0.99996 0.0078507 -0.0035414 0 -0.0073689 0.99274 0.12003 0 0.004458 -0.12 0.99276 0 1.716 -4.7637 -27.738 1
1 -0.00018212 -0.002804 0 -0.00096478 0.91498 -0.4035 0 0.0026391 0.4035 0.91498 0 0.23867 13.403 92.926 1
1 -0.0010565 -0.00010464 0 0.001054 0.97608 0.21739 0 -0.00012753 -0.21739 0.97608 0 -0.027435 5.4016 10.99 1
1 -1.1187e-007 -2.657e-007 0 1.0959e-007 0.99996 -0.0087324 0 2.6734e-007 0.0087323 0.99996 0 -6.8316e-005 4.7493 16.863 1
1 -1.0626e-007 -2.9127e-007 0 1.0375e-007 0.99996 -0.0087323 0 2.9285e-007 0.0087322 0.99996 0 -7.0572e-005 4.7493 16.863 1
0.99999 0.00018368 -0.0041693 0 -0.0015271 0.94585 -0.32461 0 0.0038839 0.32461 0.94584 0 0.3701 5.8168 74.743 1
1 -0.0014932 -0.00059456 0 0.0015981 0.88426 0.46699 0 -0.00017158 -0.46699 0.88426 0 -0.041487 13.917 -29.504 1
1 -5.6349e-008 -1.0622e-007 0 8.5627e-008 0.95275 0.30376 0 8.4001e-008 -0.30376 0.95275 0 8.3039e-005 12.182 -25.244 1
1 -3.763e-008 -1.7484e-007 0 1.9122e-008 0.99466 -0.10322 0 1.7758e-007 0.10322 0.99466 0 8.9645e-005 0.42072 -24.824 1
0.99991 0.009232 -0.0095145 0 -0.0087315 0.99864 0.051367 0 0.0099758 -0.051279 0.99863 0 2.0807 -6.3429 -9.3569 1
0.9992 0.028239 -0.028449 0 -0.023801 0.98903 0.14579 0 0.032254 -0.14499 0.98891 0 6.715 -3.3868 -38.394 1
0.99776 0.047302 -0.047308 0 -0.034727 0.97063 0.23808 0 0.05718 -0.2359 0.97009 0 10.56 3.0904 -70.875 1
0.99776 0.047264 -0.047317 0 -0.034688 0.97063 0.23808 0 0.05718 -0.2359 0.97009 0 10.546 3.0909 -70.874 1
0.33061 -0.77448 -0.53933 0 0.9411 0.22759 0.25007 0 -0.070925 -0.59024 0.8041 0 -304.29 322.62 -45.715 1
0.23081 -0.95481 -0.18725 0 0.79974 0.076549 0.59544 0 -0.5542 -0.28719 0.78127 0 -240.4 400.14 -215.4 1
0.23076 -0.95481 -0.1873 0 0.97275 0.23084 0.021673 0 0.022544 -0.1872 0.98206 0 -303.3 344.02 -6.7064 1
0.99776 0.047302 -0.047308 0 -0.034727 0.97063 0.23808 0 0.05718 -0.2359 0.97009 0 10.56 3.0905 -70.875 1
0.22382 0.96661 0.12481 0 -0.8648 0.1379 0.48281 0 0.44948 -0.216 0.86678 0 266 361.09 -149.55 1
0.081006 0.90688 -0.41353 0 -0.56307 0.38398 0.73178 0 0.82243 0.17357 0.54174 0 138.39 264.13 -307.5 1
0.080613 0.90709 -0.41315 0 -0.97832 0.15134 0.14138 0 0.19077 0.39279 0.89962 0 289.32 348.79 -92.689 1
0.080615 0.90709 -0.41315 0 -0.97832 0.15134 0.14138 0 0.19077 0.39279 0.89962 0 289.32 348.79 -92.689 1
0.080614 0.90709 -0.41315 0 -0.97832 0.15134 0.14138 0 0.19077 0.39279 0.89962 0 289.32 348.79 -92.689 1
0.080616 0.90709 -0.41315 0 -0.97832 0.15134 0.14138 0 0.19077 0.39279 0.89962 0 289.32 348.79 -92.689 1
0.080615 0.90709 -0.41315 0 -0.97832 0.15134 0.14138 0 0.19077 0.39279 0.89962 0 289.32 348.79 -92.688 1
0.99776 0.047302 -0.047308 0 -0.034727 0.97063 0.23808 0 0.05718 -0.2359 0.97009 0 10.561 3.0903 -70.874 1
0.99776 0.047302 -0.047308 0 -0.034727 0.97063 0.23808 0 0.05718 -0.2359 0.97009 0 10.56 3.0899 -70.875 1
0.99996 0.0077391 -0.0034433 0 -0.0072678 0.99269 0.12051 0 0.0043508 -0.12048 0.99271 0 1.6927 -4.2731 -27.849 1
1 -0.00010907 -0.0027409 0 -0.00097481 0.91985 -0.39226 0 0.002564 0.39226 0.91985 0 0.24101 12.752 90.336 1
1 -0.001067 -0.00010135 0 0.0010637 0.97643 0.21582 0 -0.00013133 -0.21582 0.97643 0 -0.02771 5.3485 10.09 1
1 1.4643e-007 3.9305e-007 0 -1.432e-007 0.99997 -0.0081778 0 -3.9391e-007 0.0081778 0.99997 0 -8.4634e-005 4.7048 15.909 1
1 1.4866e-007 3.6903e-007 0 -1.4563e-007 0.99997 -0.0081777 0 -3.6991e-007 0.0081777 0.99997 0 -8.5831e-005 4.7048 15.909 1
0.99999 0.00013314 -0.0040634 0 -0.0014872 0.94217 -0.33513 0 0.0037838 0.33513 0.94216 0 0.36088 7.1437 77.169 1
1 -0.0014575 -0.00058054 0 0.0015601 0.88459 0.46636 0 -0.0001662 -0.46636 0.88459 0 -0.040447 14.718 -28.385 1
1 -9.43e-008 1.6286e-007 0 3.7009e-008 0.9476 0.31946 0 -1.8448e-007 -0.31946 0.9476 0 0.00013199 13.125 -24.55 1
1 -7.7293e-008 1.1169e-007 0 8.6414e-008 0.99623 -0.08677 0 -1.0472e-007 0.086771 0.99623 0 0.00013733 1.3581 -24.324 1
0.99992 0.0089432 -0.0092753 0 -0.0084527 0.99863 0.051641 0 0.0097244 -0.051558 0.99862 0 2.0098 -5.8645 -9.4124 1
0.99924 0.027344 -0.027731 0 -0.023014 0.98902 0.14596 0 0.031418 -0.14521 0.9889 0 6.4879 -2.9098 -38.42 1
0.99789 0.0458 -0.046115 0 -0.033542 0.97064 0.2382 0 0.055671 -0.23615 0.97012 0 10.193 3.5605 -70.88 1
0.99789 0.045763 -0.046125 0 -0.033503 0.97064 0.23819 0 0.055671 -0.23615 0.97012 0 10.179 3.561 -70.879 1
0.33277 -0.77729 -0.53393 0 0.93966 0.22568 0.2571 0 -0.079343 -0.58727 0.80549 0 -303.83 323.87 -48.487 1
0.22792 -0.95818 -0.17306 0 0.79475 0.08039 0.6016 0 -0.56252 -0.27465 0.77983 0 -238.01 399.36 -218.95 1
0.22787 -0.95818 -0.1731 0 0.97358 0.22686 0.025862 0 0.01449 -0.17442 0.98456 0 -303.03 346.1 -9.5455 1
0.99788 0.0458 -0.046115 0 -0.033542 0.97064 0.2382 0 0.055671 -0.23615 0.97012 0 10.193 3.5605 -70.88 1
0.22539 0.96419 0.13979 0 -0.869 0.13408 0.4763 0 0.4405 -0.22883 0.8681 0 267.68 362.9 -146.32 1
0.082556 0.91192 -0.40198 0 -0.56381 0.37534 0.73569 0 0.82177 0.1659 0.54514 0 138.81 268.63 -308.48 1
0.082162 0.91212 -0.40159 0 -0.97834 0.15064 0.14199 0 0.19001 0.38123 0.90474 0 289.48 350.39 -92.471 1
0.082163 0.91212 -0.40159 0 -0.97834 0.15064 0.14199 0 0.19001 0.38123 0.90474 0 289.48 350.39 -92.471 1
0.082163 0.91212 -0.40159 0 -0.97834 0.15064 0.14199 0 0.19001 0.38123 0.90474 0 289.48 350.39 -92.471 1
0.082164 0.91212 -0.40159 0 -0.97834 0.15064 0.14199 0 0.19001 0.38123 0.90474 0 289.48 350.39 -92.471 1
0.082164 0.91212 -0.40159 0 -0.97834 0.15064 0.14199 0 0.19001 0.38123 0.90474 0 289.48 350.39 -92.471 1
0.99789 0.0458 -0.046115 0 -0.033542 0.97064 0.23819 0 0.055671 -0.23614 0.97012 0 10.193 3.5604 -70.88 1
0.99789 0.0458 -0.046115 0 -0.033542 0.97064 0.2382 0 0.055671 -0.23615 0.97012 0 10.193 3.5599 -70.881 1
0.99997 0.0075976 -0.0033293 0 -0.00714 0.99266 0.12075 0 0.0042222 -0.12073 0.99268 0 1.6632 -3.716 -27.905 1
1 -2.6433e-005 -0.002665 0 -0.00098569 0.92538 -0.37904 0 0.0024761 0.37904 0.92537 0 0.24354 12.022 87.291 1
1 -0.0010777 -9.8194e-005 0 0.0010738 0.97685 0.2139 0 -0.00013461 -0.2139 0.97685 0 -0.027956 5.2936 9.043 1
1 7.9806e-008 2.6353e-007 0 -7.7859e-008 0.99997 -0.0076277 0 -2.6395e-007 0.0076276 0.99997 0 -6.9166e-005 4.6605 14.797 1
1 8.5739e-008 2.1479e-007 0 -8.4163e-008 0.99997 -0.0076276 0 -2.1526e-007 0.0076275 0.99997 0 -7.8201e-005 4.6605 14.797 1
0.99999 8.0171e-005 -0.0039358 0 -0.0014357 0.93836 -0.34566 0 0.0036655 0.34566 0.93835 0 0.349 8.5756 79.597 1
1 -0.0014136 -0.00056006 0 0.0015121 0.88582 0.46402 0 -0.00015982 -0.46402 0.88583 0 -0.03924 15.489 -27.04 1
1 -2.8524e-007 -7.6718e-008 0 2.9456e-007 0.94197 0.33569 0 -2.2832e-008 -0.33569 0.94197 0 7.5702e-005 14.072 -23.688 1
1 -2.2944e-007 -1.1367e-007 0 2.2081e-007 0.99757 -0.069644 0 1.3001e-007 0.069645 0.99757 0 8.3923e-005 2.3033 -23.664 1
0.99992 0.0085964 -0.0089933 0 -0.0081199 0.99863 0.05175 0 0.0094258 -0.051672 0.99862 0 1.9255 -5.3142 -9.4325 1
0.99929 0.026283 -0.026886 0 -0.022087 0.98904 0.14596 0 0.030427 -0.14526 0.98893 0 6.2207 -2.367 -38.406 1
0.99803 0.044024 -0.044711 0 -0.032151 0.9707 0.23813 0 0.053885 -0.23623 0.9702 0 9.7626 4.0888 -70.845 1
0.99803 0.043987 -0.04472 0 -0.032112 0.9707 0.23813 0 0.053885 -0.23623 0.9702 0 9.7486 4.0893 -70.844 1
0.33463 -0.78086 -0.52752 0 0.93828 0.22412 0.26344 0 -0.08748 -0.58312 0.80766 0 -303.35 325.09 -51.08 1
0.2244 -0.96189 -0.15622 0 0.78998 0.085692 0.60712 0 -0.57059 -0.25965 0.7791 0 -235.63 398.11 -222.55 1
0.22435 -0.9619 -0.15627 0 0.97448 0.22255 0.029183 0 0.0067055 -0.15883 0.98728 0 -302.71 348.34 -12.346 1
0.99803 0.044024 -0.044711 0 -0.03215 0.9707 0.23813 0 0.053885 -0.23623 0.9702 0 9.7626 4.0888 -70.845 1
0.22764 0.96122 0.15566 0 -0.8735 0.13093 0.4689 0 0.43033 -0.2427 0.86943 0 269.51 364.52 -142.75 1
0.085569 0.9168 -0.39006 0 -0.5655 0.36702 0.73859 0 0.8203 0.15738 0.54986 0 139.72 273.11 -309.15 1
0.085175 0.917 -0.38968 0 -0.97844 0.15083 0.14108 0 0.18815 0.36926 0.91008 0 289.81 351.78 -91.758 1
0.085176 0.917 -0.38968 0 -0.97844 0.15084 0.14108 0 0.18815 0.36926 0.91008 0 289.81 351.78 -91.758 1
0.085176 0.917 -0.38968 0 -0.97844 0.15084 0.14108 0 0.18815 0.36926 0.91008 0 289.81 351.78 -91.758 1
0.085178 0.917 -0.38968 0 -0.97844 0.15084 0.14108 0 0.18815 0.36926 0.91008 0 289.81 351.78 -91.758 1
0.085177 0.917 -0.38968 0 -0.97844 0.15084 0.14108 0 0.18815 0.36926 0.91008 0 289.81 351.78 -91.758 1
0.99803 0.044024 -0.044711 0 -0.032151 0.9707 0.23813 0 0.053885 -0.23622 0.9702 0 9.7627 4.0887 -70.844 1
0.99803 0.044024 -0.044711 0 -0.032151 0.9707 0.23813 0 0.053885 -0.23623 0.9702 0 9.7626 4.0884 -70.845 1
0.99997 0.0074319 -0.0031999 0 -0.0069909 0.99265 0.12081 0 0.0040743 -0.12079 0.99267 0 1.6288 -3.1171 -27.918 1
1 5.6959e-005 -0.0025745 0 -0.00099051 0.93135 -0.36413 0 0.002377 0.36413 0.93134 0 0.24468 11.236 83.854 1
1 -0.0010834 -9.4242e-005 0 0.0010789 0.97738 0.21149 0 -0.00013702 -0.21149 0.97738 0 -0.02813 5.227 7.894 1
1 2.681e-009 6.8705e-008 0 -2.185e-009 0.99998 -0.0069584 0 -6.9336e-008 0.0069583 0.99998 0 -0.00011309 4.6073 13.568 1
1 1.7705e-008 -3.0051e-009 0 -1.7708e-008 0.99998 -0.0069584 0 2.2681e-009 0.0069583 0.99998 0 -0.00012207 4.6073 13.568 1
0.99999 2.8042e-005 -0.0037888 0 -0.0013753 0.93446 -0.35606 0 0.0035305 0.35607 0.93445 0 0.33506 10.075 81.996 1
1 -0.0013618 -0.00053467 0 0.001455 0.88777 0.46029 0 -0.00015213 -0.46029 0.88777 0 -0.037735 16.221 -25.525 1
1 -6.1566e-008 1.907e-008 0 5.0928e-008 0.93602 0.35193 0 -3.9508e-008 -0.35193 0.93602 0 9.92e-005 15.008 -22.693 1
1 1.7332e-008 -1.5204e-009 0 -1.737e-008 0.99863 -0.052378 0 6.2234e-010 0.052378 0.99863 0 0.00010872 3.2406 -22.872 1
0.99993 0.0082029 -0.0086721 0 -0.0077436 0.99863 0.051732 0 0.0090846 -0.051661 0.99862 0 1.8303 -4.718 -9.4256 1
0.99935 0.025089 -0.025923 0 -0.021048 0.98909 0.14582 0 0.029298 -0.14518 0.98897 0 5.922 -1.7827 -38.362 1
0.99819 0.042027 -0.043111 0 -0.030598 0.9708 0.23793 0 0.051852 -0.23618 0.97032 0 9.2829 4.6533 -70.778 1
0.99819 0.04199 -0.043121 0 -0.030559 0.9708 0.23793 0 0.051852 -0.23618 0.97032 0 9.2688 4.6537 -70.778 1
0.33629 -0.78505 -0.5202 0 0.93691 0.22289 0.26931 0 -0.095472 -0.57794 0.81047 0 -302.86 326.27 -53.565 1
0.22043 -0.96568 -0.13738 0 0.78536 0.092186 0.61214 0 -0.57846 -0.24283 0.77873 0 -233.25 396.43 -226.17 1
0.22039 -0.96568 -0.13742 0 0.97541 0.21806 0.031946 0 -0.00088361 -0.14108 0.99 0 -302.35 350.66 -15.144 1
0.99819 0.042027 -0.043111 0 -0.030598 0.9708 0.23793 0 0.051852 -0.23618 0.97032 0 9.2829 4.6532 -70.779 1
0.23025 0.95778 0.17216 0 -0.87818 0.12829 0.4608 0 0.41926 -0.25729 0.87064 0 271.45 366 -138.91 1
0.089615 0.92153 -0.37783 0 -0.56795 0.35892 0.74069 0 0.81817 0.14821 0.55554 0 141.02 277.6 -309.56 1
0.089222 0.92172 -0.37745 0 -0.97861 0.15166 0.13903 0 0.1854 0.35697 0.91553 0 290.29 353.02 -90.661 1
0.089223 0.92172 -0.37745 0 -0.97861 0.15166 0.13903 0 0.1854 0.35697 0.91553 0 290.29 353.02 -90.661 1
0.089223 0.92172 -0.37745 0 -0.97861 0.15166 0.13903 0 0.1854 0.35697 0.91553 0 290.29 353.02 -90.661 1
0.089224 0.92172 -0.37745 0 -0.97861 0.15167 0.13903 0 0.1854 0.35697 0.91553 0 290.29 353.02 -90.661 1
0.089224 0.92172 -0.37745 0 -0.9786 0.15167 0.13903 0 0.1854 0.35697 0.91553 0 290.29 353.02 -90.661 1
0.99819 0.042027 -0.043111 0 -0.030598 0.9708 0.23793 0 0.051852 -0.23618 0.97033 0 9.2829 4.653 -70.778 1
0.99819 0.042027 -0.043111 0 -0.030598 0.9708 0.23793 0 0.051852 -0.23618 0.97032 0 9.2829 4.6529 -70.779 1
0.99997 0.0072433 -0.0030555 0 -0.0068216 0.99267 0.1207 0 0.0039073 -0.12067 0.99268 0 1.5898 -2.4816 -27.891 1
1 0.00014049 -0.0024693 0 -0.00098997 0.93765 -0.34757 0 0.0022665 0.34757 0.93765 0 0.2446 10.413 80.037 1
1 -0.001084 -8.8494e-005 0 0.0010786 0.97801 0.20854 0 -0.00013952 -0.20854 0.97801 0 -0.028086 5.1538 6.6518 1
1 2.2224e-007 7.9237e-007 0 -2.1724e-007 0.99998 -0.006144 0 -7.9494e-007 0.006144 0.99998 0 -7.1266e-005 4.5503 12.228 1
1 2.596e-007 7.0719e-007 0 -2.5512e-007 0.99998 -0.0061439 0 -7.0999e-007 0.0061439 0.99998 0 -8.2016e-005 4.5503 12.228 1
0.99999 -2.2427e-005 -0.0036228 0 -0.0013062 0.93049 -0.36632 0 0.0033792 0.36632 0.93048 0 0.3191 11.634 84.36 1
1 -0.0013028 -0.00050495 0 0.0013899 0.89038 0.45522 0 -0.00014348 -0.45522 0.89038 0 -0.036024 16.916 -23.849 1
1 -9.4489e-008 1.5634e-007 0 3.01e-008 0.92979 0.36808 0 -1.8104e-007 -0.36808 0.92979 0 0.00011309 15.931 -21.569 1
1 -3.4871e-008 1.5452e-007 0 4.0437e-008 0.99938 -0.035086 0 -1.5412e-007 0.035086 0.99938 0 0.00011253 4.1684 -21.953 1
0.99994 0.007765 -0.0083122 0 -0.0073261 0.99864 0.051596 0 0.0087016 -0.051532 0.99863 0 1.7248 -4.0811 -9.3936 1
0.99941 0.023767 -0.024844 0 -0.019905 0.98915 0.14556 0 0.028034 -0.14498 0.98904 0 5.5932 -1.1619 -38.292 1
0.99835 0.039821 -0.041319 0 -0.028894 0.97093 0.2376 0 0.04958 -0.23602 0.97048 0 8.7567 5.2493 -70.684 1
0.99835 0.039784 -0.041329 0 -0.028855 0.97093 0.2376 0 0.04958 -0.23602 0.97048 0 8.7426 5.2498 -70.684 1
0.33776 -0.78981 -0.51197 0 0.93554 0.22198 0.27474 0 -0.10335 -0.57177 0.81388 0 -302.35 327.4 -55.952 1
0.21602 -0.96939 -0.11666 0 0.78089 0.099803 0.61665 0 -0.58613 -0.22431 0.77855 0 -230.88 394.33 -229.79 1
0.21598 -0.9694 -0.1167 0 0.97636 0.21341 0.034228 0 -0.0082765 -0.12133 0.99258 0 -301.94 353.02 -17.95 1
0.99835 0.039821 -0.04132 0 -0.028893 0.97093 0.2376 0 0.04958 -0.23602 0.97048 0 8.7567 5.2493 -70.685 1
0.23314 0.95385 0.18926 0 -0.88302 0.12613 0.45207 0 0.40733 -0.27252 0.87168 0 273.47 367.32 -134.84 1
0.094584 0.92608 -0.36528 0 -0.57112 0.35101 0.74203 0 0.8154 0.13844 0.5621 0 142.7 282.07 -309.73 1
0.094192 0.92627 -0.36491 0 -0.97882 0.15308 0.13592 0 0.18176 0.34437 0.92107 0 290.88 354.1 -89.207 1
0.094194 0.92627 -0.36491 0 -0.97882 0.15309 0.13592 0 0.18176 0.34437 0.92107 0 290.88 354.1 -89.207 1
0.094194 0.92627 -0.36491 0 -0.97882 0.15309 0.13592 0 0.18176 0.34437 0.92107 0 290.88 354.1 -89.207 1
0.094195 0.92627 -0.36491 0 -0.97882 0.15309 0.13592 0 0.18176 0.34437 0.92107 0 290.88 354.1 -89.207 1
0.094195 0.92627 -0.36491 0 -0.97882 0.15309 0.13592 0 0.18176 0.34437 0.92107 0 290.88 354.1 -89.207 1
0.99835 0.039821 -0.04132 0 -0.028894 0.97093 0.2376 0 0.04958 -0.23602 0.97048 0 8.7567 5.2491 -70.684 1
0.99835 0.039821 -0.041319 0 -0.028894 0.97093 0.2376 0 0.04958 -0.23602 0.97048 0 8.7567 5.2489 -70.685 1
0.99997 0.0070331 -0.0028961 0 -0.0066333 0.9927 0.12042 0 0.0037219 -0.1204 0.99272 0 1.5464 -1.8147 -27.828 1
1 0.00022035 -0.0023489 0 -0.00098173 0.9442 -0.32938 0 0.0021452 0.32938 0.94419 0 0.24276 9.571 75.846 1
1 -0.0010772 -8.2644e-005 0 0.0010712 0.97875 0.20504 0 -0.00013997 -0.20504 0.97875 0 -0.027847 5.078 5.3237 1
1 1.381e-007 6.4185e-007 0 -1.3468e-007 0.99999 -0.0051585 0 -6.434e-007 0.0051584 0.99999 0 -3.145e-005 4.4938 10.784 1
1 1.9772e-007 5.5194e-007 0 -1.9477e-007 0.99999 -0.0051584 0 -5.538e-007 0.0051583 0.99999 0 -4.1962e-005 4.4937 10.784 1
0.99999 -7.0764e-005 -0.0034384 0 -0.0012286 0.92646 -0.37639 0 0.0032121 0.37639 0.92646 0 0.30115 13.242 86.682 1
1 -0.0012373 -0.00047143 0 0.0013172 0.89358 0.44889 0 -0.00013414 -0.44889 0.89359 0 -0.034182 17.574 -22.025 1
1 -2.5086e-007 -1.3667e-007 0 2.8387e-007 0.92332 0.38402 0 2.9031e-008 -0.38403 0.92332 0 6.2628e-005 16.838 -20.325 1
1 -2.3369e-007 -1.2168e-007 0 2.3159e-007 0.99984 -0.017886 0 1.2499e-007 0.017886 0.99984 0 5.1498e-005 5.0841 -20.91 1
0.99994 0.0072853 -0.0079142 0 -0.0068695 0.99866 0.051351 0 0.0082777 -0.051294 0.99865 0 1.6096 -3.4092 -9.3382 1
0.99947 0.022327 -0.023652 0 -0.018662 0.98923 0.14519 0 0.026639 -0.14467 0.98912 0 5.2362 -0.50952 -38.196 1
0.99852 0.037418 -0.039338 0 -0.027047 0.97109 0.23716 0 0.047075 -0.23574 0.97067 0 8.1871 5.8727 -70.565 1
0.99853 0.03738 -0.039347 0 -0.027008 0.97109 0.23716 0 0.047075 -0.23575 0.97067 0 8.173 5.8733 -70.564 1
0.33903 -0.7951 -0.50287 0 0.93419 0.22139 0.27979 0 -0.11113 -0.56463 0.81783 0 -301.82 328.47 -58.256 1
0.21118 -0.9729 -0.094191 0 0.77657 0.10848 0.62062 0 -0.59358 -0.20421 0.77843 0 -228.5 391.81 -233.37 1
0.21113 -0.97291 -0.09422 0 0.97733 0.2086 0.036093 0 -0.01546 -0.099705 0.9949 0 -301.49 355.4 -20.771 1
0.99852 0.037418 -0.039338 0 -0.027046 0.97109 0.23716 0 0.047075 -0.23575 0.97067 0 8.187 5.8726 -70.565 1
0.23624 0.94942 0.20687 0 -0.88798 0.12449 0.44271 0 0.39456 -0.28829 0.87247 0 275.55 368.48 -130.55 1
0.10041 0.93044 -0.35242 0 -0.57498 0.34334 0.74264 0 0.81198 0.12806 0.56946 0 144.72 286.53 -309.65 1
0.10003 0.93062 -0.35205 0 -0.97906 0.1551 0.13183 0 0.17729 0.33149 0.92665 0 291.59 355.03 -87.417 1
0.10003 0.93062 -0.35205 0 -0.97906 0.1551 0.13183 0 0.17729 0.33149 0.92665 0 291.59 355.03 -87.417 1
0.10003 0.93062 -0.35205 0 -0.97906 0.1551 0.13183 0 0.17729 0.33149 0.92665 0 291.59 355.03 -87.417 1
0.10003 0.93062 -0.35205 0 -0.97906 0.1551 0.13183 0 0.17729 0.33149 0.92665 0 291.59 355.03 -87.417 1
0.10003 0.93062 -0.35205 0 -0.97906 0.1551 0.13183 0 0.17729 0.33149 0.92665 0 291.59 355.03 -87.417 1
0.99852 0.037418 -0.039338 0 -0.027047 0.97109 0.23716 0 0.047075 -0.23574 0.97067 0 8.1871 5.8725 -70.564 1
0.99852 0.037418 -0.039338 0 -0.027047 0.97109 0.23716 0 0.047075 -0.23575 0.97067 0 8.1871 5.8721 -70.565 1
0.99997 0.0068076 -0.0027225 0 -0.0064316 0.99275 0.12004 0 0.0035199 -0.12002 0.99277 0 1.4999 -1.1411 -27.74 1
1 0.00028292 -0.0022112 0 -0.0009541 0.95079 -0.30983 0 0.0020147 0.30983 0.95079 0 0.23645 8.7268 71.341 1
1 -0.0010533 -7.6061e-005 0 0.0010471 0.97963 0.20081 0 -0.000137 -0.20081 0.97963 0 -0.027328 4.9877 3.9565 1
1 -1.4228e-007 -2.2398e-007 0 1.415e-007 0.99999 -0.0038783 0 2.2378e-007 0.0038783 0.99999 0 -0.00014162 4.4269 9.2737 1
1 -9.4338e-008 -2.9196e-007 0 9.3292e-008 0.99999 -0.0038782 0 2.9157e-007 0.0038782 0.99999 0 -0.00014877 4.4268 9.2737 1
0.99999 -0.00011414 -0.0032376 0 -0.0011449 0.92244 -0.38613 0 0.0030306 0.38613 0.92244 0 0.2818 14.858 88.93 1
1 -0.0011653 -0.00043557 0 0.0012379 0.8972 0.44162 0 -0.00012383 -0.44162 0.8972 0 -0.032053 18.187 -20.108 1
1 2.8788e-007 1.7715e-007 0 -3.349e-007 0.91683 0.39927 0 -4.8254e-008 -0.39927 0.91683 0 0.00014547 17.712 -18.994 1
1 2.442e-007 1.9852e-007 0 -2.4382e-007 1 -0.0013147 0 -1.9966e-007 0.0013146 1 0 0.00013733 5.9692 -19.775 1
0.99995 0.0067751 -0.0074816 0 -0.0063846 0.99868 0.051035 0 0.0078174 -0.050985 0.99867 0 1.4873 -2.7281 -9.2679 1
0.99953 0.020799 -0.022356 0 -0.017349 0.98932 0.14474 0 0.025127 -0.14428 0.98922 0 4.8593 0.14996 -38.084 1
0.9987 0.034871 -0.037184 0 -0.025102 0.97127 0.23664 0 0.044368 -0.2354 0.97088 0 7.5879 6.501 -70.429 1
0.9987 0.034833 -0.037193 0 -0.025064 0.97127 0.23664 0 0.044368 -0.2354 0.97088 0 7.5738 6.5017 -70.429 1
0.34023 -0.80077 -0.49296 0 0.93279 0.22109 0.28466 0 -0.11896 -0.55668 0.82216 0 -301.26 329.46 -60.546 1
0.20611 -0.97598 -0.07061 0 0.77232 0.11794 0.6242 0 -0.60087 -0.18318 0.77807 0 -226.12 388.92 -236.9 1
0.20606 -0.97599 -0.070635 0 0.97828 0.20381 0.037821 0 -0.022517 -0.076894 0.99679 0 -301.01 357.7 -23.63 1
0.9987 0.034871 -0.037184 0 -0.025102 0.97127 0.23664 0 0.044368 -0.2354 0.97088 0 7.5879 6.501 -70.43 1
0.2393 0.94458 0.22473 0 -0.89296 0.12321 0.43295 0 0.38127 -0.30428 0.87295 0 277.64 369.5 -126.11 1
0.1067 0.9346 -0.33932 0 -0.57932 0.33579 0.74272 0 0.80809 0.11732 0.57726 0 146.98 290.95 -309.38 1
0.10632 0.93477 -0.33896 0 -0.97931 0.15747 0.12709 0 0.17217 0.31844 0.93218 0 292.37 355.85 -85.401 1
0.10632 0.93477 -0.33896 0 -0.97931 0.15747 0.12709 0 0.17217 0.31844 0.93218 0 292.37 355.85 -85.401 1
0.10632 0.93477 -0.33896 0 -0.97931 0.15747 0.12709 0 0.17217 0.31844 0.93218 0 292.37 355.85 -85.401 1
0.10632 0.93477 -0.33896 0 -0.97931 0.15747 0.12709 0 0.17217 0.31844 0.93218 0 292.37 355.85 -85.401 1
0.10632 0.93477 -0.33896 0 -0.97931 0.15747 0.12709 0 0.17217 0.31844 0.93218 0 292.37 355.85 -85.401 1
0.9987 0.034871 -0.037184 0 -0.025102 0.97127 0.23664 0 0.044368 -0.2354 0.97089 0 7.5879 6.5009 -70.429 1
0.9987 0.034871 -0.037184 0 -0.025102 0.97127 0.23664 0 0.044368 -0.2354 0.97088 0 7.5879 6.5006 -70.43 1
0.99998 0.0065647 -0.0025344 0 -0.0062147 0.99281 0.11953 0 0.0033009 -0.11951 0.99283 0 1.4499 -0.45306 -27.623 1
1 0.00033024 -0.0020568 0 -0.00091019 0.95739 -0.28881 0 0.0018737 0.28881 0.95738 0 0.22639 7.9002 66.495 1
1 -0.0010128 -6.6456e-005 0 0.0010062 0.98062 0.19591 0 -0.00013324 -0.19591 0.98062 0 -0.02622 4.8987 2.534 1
1 -8.4495e-008 2.5594e-007 0 8.5152e-008 1 -0.0023426 0 -2.5634e-007 0.0023428 1 0 -8.1032e-005 4.3646 7.684 1
