300
4
1 5.5557e-008 -4.1809e-008 0 -4.379e-008 0.97029 0.24196 0 5.4009e-008 -0.24196 0.97029 0 5.3438e-005 -45.407 -31.353 1
1 -2.0063e-007 -4.7479e-008 0 2.0616e-007 0.97029 0.24196 0 -2.4761e-009 -0.24196 0.97029 0 1.1344e-005 -45.407 -31.353 1
1 -2.0064e-007 -4.7482e-008 0 2.0614e-007 0.97029 0.24196 0 -2.4764e-009 -0.24196 0.97029 0 1.7866e-005 -45.407 -31.353 1
1 -2.1499e-008 -3.3516e-008 0 2.087e-008 0.99983 -0.018658 0 3.3911e-008 0.018658 0.99983 0 5.2752e-005 -51.851 16.162 1
1 5.5557e-008 -4.1809e-008 0 -4.379e-008 0.97029 0.24196 0 5.4009e-008 -0.24196 0.97029 0 5.3438e-005 -45.407 -31.353 1
1 -2.0063e-007 -4.7479e-008 0 2.0616e-007 0.97029 0.24196 0 -2.4761e-009 -0.24196 0.97029 0 1.1344e-005 -45.407 -31.353 1
1 -2.0064e-007 -4.7482e-008 0 2.0614e-007 0.97029 0.24196 0 -2.4764e-009 -0.24196 0.97029 0 1.7866e-005 -45.407 -31.353 1
1 -2.1499e-008 -3.3516e-008 0 2.087e-008 0.99983 -0.018658 0 3.3911e-008 0.018658 0.99983 0 5.2752e-005 -51.851 16.162 1
1 5.5557e-008 -4.1809e-008 0 -4.379e-008 0.97029 0.24196 0 5.4009e-008 -0.24196 0.97029 0 5.3438e-005 -45.407 -31.353 1
1 -2.0063e-007 -4.7479e-008 0 2.0616e-007 0.97029 0.24196 0 -2.4761e-009 -0.24196 0.97029 0 1.1344e-005 -45.407 -31.353 1
1 -2.0064e-007 -4.7482e-008 0 2.0614e-007 0.97029 0.24196 0 -2.4764e-009 -0.24196 0.97029 0 1.7866e-005 -45.407 -31.353 1
1 -2.1499e-008 -3.3516e-008 0 2.087e-008 0.99983 -0.018658 0 3.3911e-008 0.018658 0.99983 0 5.2752e-005 -51.851 16.162 1
1 4.627e-008 -4.8102e-008 0 -3.3257e-008 0.97029 0.24196 0 5.7868e-008 -0.24196 0.97029 0 5.1024e-005 -45.395 -31.353 1
1 -1.9735e-007 -5.2305e-008 0 2.0414e-007 0.97029 0.24196 0 3.0005e-009 -0.24196 0.97029 0 1.1258e-005 -45.395 -31.353 1
1 -1.9736e-007 -5.2306e-008 0 2.0413e-007 0.97029 0.24196 0 2.9998e-009 -0.24196 0.97029 0 1.7683e-005 -45.395 -31.353 1
1 -1.1443e-006 -5.2048e-005 0 1.7294e-007 0.99983 -0.018659 0 5.2061e-005 0.018659 0.99983 0 -0.00018651 -51.84 16.162 1
1 2.1799e-008 -2.8267e-008 0 -1.4312e-008 0.97029 0.24196 0 3.2702e-008 -0.24196 0.97029 0 4.7205e-005 -45.375 -31.354 1
1 -1.9484e-007 -2.9724e-008 0 1.9625e-007 0.97029 0.24196 0 -1.8304e-008 -0.24196 0.97029 0 1.3496e-005 -45.375 -31.354 1
1 -1.9485e-007 -2.9723e-008 0 1.9624e-007 0.97029 0.24196 0 -1.8305e-008 -0.24196 0.97029 0 1.9383e-005 -45.375 -31.354 1
1 -3.1051e-006 -0.00014186 0 4.5729e-007 0.99983 -0.018661 0 0.00014189 0.018661 0.99983 0 -0.00060312 -51.819 16.162 1
1 6.841e-009 -2.5935e-008 0 -3.6255e-010 0.97029 0.24196 0 2.682e-008 -0.24196 0.97029 0 4.3999e-005 -45.338 -31.354 1
1 -1.9266e-007 -2.3648e-008 0 1.9266e-007 0.97029 0.24196 0 -2.367e-008 -0.24196 0.97029 0 1.2846e-005 -45.338 -31.354 1
1 -1.9266e-007 -2.3646e-008 0 1.9265e-007 0.97029 0.24196 0 -2.3671e-008 -0.24196 0.97029 0 2.0094e-005 -45.338 -31.354 1
1 -6.5706e-006 -0.00030749 0 8.3038e-007 0.99983 -0.018664 0 0.00030756 0.018664 0.99983 0 -0.0013388 -51.783 16.162 1
1 1.5031e-008 -3.6979e-008 0 -5.6374e-009 0.97029 0.24196 0 3.9517e-008 -0.24196 0.97029 0 4.3789e-005 -45.274 -31.355 1
1 -1.9316e-007 -2.7252e-008 0 1.9402e-007 0.97029 0.24196 0 -2.0294e-008 -0.24196 0.97029 0 1.0282e-005 -45.274 -31.355 1
1 -1.9316e-007 -2.725e-008 0 1.9401e-007 0.97029 0.24196 0 -2.0296e-008 -0.24196 0.97029 0 1.5766e-005 -45.274 -31.355 1
1 -1.2452e-005 -0.00059795 0 1.2864e-006 0.99983 -0.01867 0 0.00059807 0.01867 0.99983 0 -0.0025876 -51.718 16.162 1
1 6.8242e-008 -3.4222e-008 0 3.0868e-008 0.97029 0.24196 0 4.9717e-008 -0.24196 0.97029 0 3.8148e-005 -45.189 -31.357 1
1 -1.5437e-007 -1.7194e-008 0 2.4274e-007 0.97029 0.24196 0 -2.0666e-008 -0.24196 0.97029 0 4.195e-007 -45.189 -31.357 1
1 -1.5436e-007 -1.7192e-008 0 2.4274e-007 0.97029 0.24196 0 -2.0667e-008 -0.24196 0.97029 0 5.0269e-006 -45.189 -31.357 1
1 -2.0131e-005 -0.00098208 0 1.8703e-006 0.99983 -0.018677 0 0.0009823 0.018678 0.99982 0 -0.0042312 -51.633 16.162 1
1 4.7506e-008 -3.4199e-008 0 5.0983e-008 0.97029 0.24195 0 4.4677e-008 -0.24195 0.97029 0 3.391e-005 -45.085 -31.359 1
1 -1.5446e-007 -1.7884e-008 0 2.43e-007 0.97029 0.24195 0 -2.0019e-008 -0.24195 0.97029 0 -1.1254e-007 -45.085 -31.359 1
1 -1.5445e-007 -1.7881e-008 0 2.43e-007 0.97029 0.24195 0 -2.002e-008 -0.24195 0.97029 0 1.5242e-006 -45.085 -31.359 1
1 -2.9684e-005 -0.0014548 0 2.5793e-006 0.99983 -0.018687 0 0.0014551 0.018687 0.99982 0 -0.0062568 -51.529 16.162 1
1 -3.1104e-008 -3.6858e-008 0 8.3499e-008 0.97029 0.24195 0 2.8237e-008 -0.24195 0.97029 0 2.8774e-005 -44.961 -31.361 1
1 -1.7287e-007 -2.9152e-008 0 2.1919e-007 0.97029 0.24195 0 -1.3541e-008 -0.24195 0.97029 0 5.4952e-006 -44.961 -31.361 1
1 -1.7287e-007 -2.915e-008 0 2.1919e-007 0.97029 0.24195 0 -1.3542e-008 -0.24195 0.97029 0 5.8566e-006 -44.961 -31.361 1
1 -4.103e-005 -0.0020177 0 3.3403e-006 0.99983 -0.018697 0 0.0020181 0.018697 0.99982 0 -0.0086531 -51.406 16.161 1
1 -8.47e-008 -2.9049e-008 0 8.9212e-008 0.97029 0.24195 0 7.6928e-009 -0.24195 0.97029 0 2.8059e-005 -44.82 -31.363 1
1 -1.9595e-007 -3.0727e-008 0 1.9756e-007 0.97029 0.24195 0 -1.7597e-008 -0.24195 0.97029 0 1.2194e-005 -44.82 -31.363 1
1 -1.9595e-007 -3.0726e-008 0 1.9756e-007 0.97029 0.24195 0 -1.7599e-008 -0.24195 0.97029 0 9.7158e-006 -44.82 -31.363 1
1 -5.4176e-005 -0.0026655 0 4.2944e-006 0.99982 -0.01871 0 0.0026661 0.01871 0.99982 0 -0.011426 -51.264 16.161 1
1 -3.5052e-008 -2.8397e-008 0 4.0881e-008 0.97029 0.24195 0 1.9073e-008 -0.24195 0.97029 0 3.7425e-005 -44.66 -31.366 1
1 -2.0501e-007 -3.9344e-008 0 2.0844e-007 0.97029 0.24195 0 -1.1426e-008 -0.24195 0.97029 0 1.0801e-005 -44.66 -31.366 1
1 -2.0501e-007 -3.9343e-008 0 2.0843e-007 0.97029 0.24195 0 -1.1428e-008 -0.24195 0.97029 0 9.0541e-006 -44.66 -31.366 1
0.99999 -6.9086e-005 -0.0033973 0 5.4649e-006 0.99982 -0.018724 0 0.003398 0.018723 0.99982 0 -0.014575 -51.104 16.161 1
1 5.6746e-008 -1.8911e-008 0 -6.0832e-009 0.97029 0.24195 0 3.2079e-008 -0.24195 0.97029 0 4.6199e-005 -44.484 -31.369 1
1 -1.954e-007 -3.7229e-008 0 2.43e-007 0.97029 0.24195 0 -1.1154e-008 -0.24195 0.97029 0 4.9912e-006 -44.484 -31.369 1
1 -1.954e-007 -3.7228e-008 0 2.4301e-007 0.97029 0.24195 0 -1.1155e-008 -0.24195 0.97029 0 4.0401e-006 -44.484 -31.369 1
0.99999 -8.5663e-005 -0.0042118 0 6.7665e-006 0.99982 -0.018739 0 0.0042127 0.018739 0.99982 0 -0.018079 -50.928 16.16 1
1 6.8093e-008 -1.2084e-008 0 2.5656e-008 0.97029 0.24195 0 2.82e-008 -0.24195 0.97029 0 4.1314e-005 -44.291 -31.372 1
1 -1.8203e-007 -2.6953e-008 0 2.7195e-007 0.97029 0.24195 0 -1.789e-008 -0.24195 0.97029 0 -6.2507e-007 -44.291 -31.372 1
1 -1.8203e-007 -2.6951e-008 0 2.7195e-007 0.97029 0.24195 0 -1.7891e-008 -0.24195 0.97029 0 -3.5888e-007 -44.291 -31.372 1
0.99999 -0.00010383 -0.0051041 0 8.1661e-006 0.99982 -0.018755 0 0.0051051 0.018755 0.99981 0 -0.021916 -50.735 16.16 1
1 -2.4087e-008 -5.8606e-009 0 1.1359e-007 0.97029 0.24195 0 -1.4139e-010 -0.24195 0.97029 0 2.7849e-005 -44.082 -31.376 1
1 -1.8817e-007 -5.5694e-009 0 2.7273e-007 0.97029 0.24195 0 -4.0124e-008 -0.24195 0.97029 0 -1.9184e-006 -44.082 -31.376 1
1 -1.8817e-007 -5.5671e-009 0 2.7274e-007 0.97029 0.24195 0 -4.0124e-008 -0.24195 0.97029 0 5.2573e-007 -44.082 -31.376 1
0.99998 -0.0001235 -0.0060756 0 9.5082e-006 0.99982 -0.018773 0 0.0060768 0.018772 0.99981 0 -0.02606 -50.526 16.159 1
1 -9.0676e-008 -4.1135e-009 0 1.7778e-007 0.97029 0.24195 0 -1.7947e-008 -0.24195 0.97029 0 1.6998e-005 -43.858 -31.38 1
1 -1.9115e-007 8.4793e-009 0 2.7223e-007 0.97029 0.24195 0 -5.4476e-008 -0.24195 0.97029 0 -3.3931e-006 -43.858 -31.38 1
1 -1.9114e-007 8.4818e-009 0 2.7223e-007 0.97029 0.24195 0 -5.4476e-008 -0.24195 0.97029 0 1.0591e-006 -43.858 -31.38 1
0.99997 -0.00014475 -0.0071212 0 1.099e-005 0.99982 -0.018792 0 0.0071227 0.018791 0.9998 0 -0.030528 -50.302 16.158 1
1 -4.7843e-008 -1.8914e-008 0 1.842e-007 0.97029 0.24194 0 6.777e-009 -0.24194 0.97029 0 1.5598e-005 -43.62 -31.384 1
1 -1.6911e-007 -5.4861e-009 0 2.9862e-007 0.97029 0.24194 0 -3.5592e-008 -0.24194 0.97029 0 -6.8981e-006 -43.62 -31.384 1
1 -1.6911e-007 -5.4857e-009 0 2.9861e-007 0.97029 0.24194 0 -3.5593e-008 -0.24194 0.97029 0 -3.6684e-007 -43.62 -31.384 1
0.99997 -0.00016754 -0.0082399 0 1.2637e-005 0.99982 -0.018811 0 0.0082416 0.018811 0.99979 0 -0.035317 -50.064 16.157 1
1 5.0049e-008 -3.0484e-008 0 1.8082e-007 0.97029 0.24194 0 4.1687e-008 -0.24194 0.97029 0 1.6466e-005 -43.367 -31.388 1
1 -1.2243e-007 -2.0373e-008 0 3.4572e-007 0.97029 0.24194 0 -9.8523e-009 -0.24194 0.97029 0 -1.1775e-005 -43.367 -31.388 1
1 -1.2244e-007 -2.0375e-008 0 3.4571e-007 0.97029 0.24194 0 -9.8538e-009 -0.24194 0.97029 0 -6.0079e-006 -43.367 -31.388 1
0.99996 -0.00019175 -0.0094305 0 1.4336e-005 0.99982 -0.018832 0 0.0094325 0.018831 0.99978 0 -0.040401 -49.811 16.157 1
1 4.3561e-008 -4.3629e-008 0 1.0149e-007 0.97029 0.24194 0 5.2872e-008 -0.24194 0.97029 0 2.7357e-005 -43.102 -31.393 1
1 -1.5569e-007 -3.4284e-008 0 2.9256e-007 0.97029 0.24194 0 -4.4019e-009 -0.24194 0.97029 0 -4.676e-006 -43.102 -31.393 1
1 -1.557e-007 -3.4286e-008 0 2.9254e-007 0.97029 0.24194 0 -4.4038e-009 -0.24194 0.97029 0 1.9095e-006 -43.102 -31.393 1
0.99994 -0.0002174 -0.010688 0 1.5982e-005 0.99982 -0.018853 0 0.01069 0.018852 0.99976 0 -0.045747 -49.545 16.155 1
1 2.6903e-008 -4.4189e-008 0 2.8988e-008 0.97029 0.24194 0 4.9386e-008 -0.24194 0.97029 0 3.9004e-005 -42.823 -31.398 1
1 -1.8294e-007 -3.4583e-008 0 2.3028e-007 0.97029 0.24194 0 -1.0705e-008 -0.24194 0.97029 0 5.2614e-006 -42.823 -31.398 1
1 -1.8295e-007 -3.4582e-008 0 2.3026e-007 0.97029 0.24194 0 -1.0707e-008 -0.24194 0.97029 0 1.0514e-005 -42.823 -31.398 1
0.99993 -0.00024427 -0.012014 0 1.75e-005 0.99982 -0.018876 0 0.012016 0.018874 0.99975 0 -0.051342 -49.267 16.154 1
1 -7.378e-009 -3.6489e-008 0 -2.8414e-008 0.97029 0.24194 0 3.362e-008 -0.24194 0.97029 0 4.8189e-005 -42.533 -31.403 1
1 -2.1421e-007 -2.2645e-008 0 1.6893e-007 0.97029 0.24194 0 -2.9854e-008 -0.24194 0.97029 0 1.4671e-005 -42.533 -31.403 1
1 -2.1421e-007 -2.2643e-008 0 1.6892e-007 0.97029 0.24194 0 -2.9856e-008 -0.24194 0.97029 0 1.9323e-005 -42.533 -31.403 1
0.99991 -0.00027248 -0.013403 0 1.9101e-005 0.99982 -0.018898 0 0.013406 0.018896 0.99973 0 -0.057206 -48.976 16.153 1
1 -4.5455e-008 -5.5919e-008 0 -3.117e-008 0.97029 0.24193 0 4.3261e-008 -0.24193 0.97029 0 5.1581e-005 -42.231 -31.408 1
1 -2.2626e-007 -2.8125e-008 0 1.3754e-007 0.97029 0.24193 0 -2.745e-008 -0.24193 0.97029 0 2.2643e-005 -42.231 -31.408 1
1 -2.2627e-007 -2.8126e-008 0 1.3753e-007 0.97029 0.24193 0 -2.7451e-008 -0.24193 0.97029 0 2.8182e-005 -42.231 -31.408 1
0.99989 -0.00030201 -0.014854 0 2.0814e-005 0.99982 -0.018921 0 0.014857 0.018919 0.99971 0 -0.063338 -48.674 16.151 1
1 -7.6926e-008 -5.4441e-008 0 -9.9098e-010 0.97029 0.24193 0 3.4213e-008 -0.24193 0.97029 0 4.9227e-005 -41.918 -31.414 1
1 -2.2302e-007 -1.0706e-008 0 1.3018e-007 0.97029 0.24193 0 -4.3567e-008 -0.24193 0.97029 0 2.7492e-005 -41.918 -31.414 1
1 -2.2303e-007 -1.0709e-008 0 1.3017e-007 0.97029 0.24193 0 -4.3568e-008 -0.24193 0.97029 0 3.2768e-005 -41.918 -31.414 1
0.99987 -0.00033273 -0.016366 0 2.2521e-005 0.99982 -0.018945 0 0.01637 0.018942 0.99969 0 -0.069714 -48.361 16.15 1
1 -8.6249e-008 -5.0938e-008 0 7.2075e-009 0.97029 0.24193 0 2.8559e-008 -0.24193 0.97029 0 4.7471e-005 -41.596 -31.42 1
1 -2.2211e-007 -4.1547e-009 0 1.2771e-007 0.97029 0.24193 0 -4.9704e-008 -0.24193 0.97029 0 2.7541e-005 -41.596 -31.42 1
1 -2.2213e-007 -4.1583e-009 0 1.277e-007 0.97029 0.24193 0 -4.9704e-008 -0.24193 0.97029 0 3.4826e-005 -41.596 -31.42 1
0.99984 -0.00036459 -0.017935 0 2.4242e-005 0.99982 -0.018969 0 0.017938 0.018965 0.99966 0 -0.076321 -48.039 16.148 1
1 -5.4206e-008 -3.9114e-008 0 1.7658e-008 0.97029 0.24193 0 2.4838e-008 -0.24193 0.97029 0 4.4368e-005 -41.263 -31.426 1
1 -2.0722e-007 -1.4434e-009 0 1.5701e-007 0.97029 0.24193 0 -4.8731e-008 -0.24193 0.97029 0 2.1699e-005 -41.263 -31.426 1
1 -2.0722e-007 -1.4449e-009 0 1.5701e-007 0.97029 0.24193 0 -4.8731e-008 -0.24193 0.97029 0 2.9908e-005 -41.263 -31.426 1
0.99981 -0.00039744 -0.01956 0 2.582e-005 0.99982 -0.018993 0 0.019564 0.018989 0.99963 0 -0.083131 -47.706 16.146 1
1 -4.0167e-008 -3.0416e-008 0 4.6333e-008 0.97029 0.24192 0 1.9795e-008 -0.24192 0.97029 0 3.9817e-005 -40.922 -31.432 1
1 -1.8618e-007 -3.7639e-009 0 1.8156e-007 0.97029 0.24192 0 -4.139e-008 -0.24192 0.97029 0 1.7664e-005 -40.922 -31.432 1
1 -1.8618e-007 -3.7628e-009 0 1.8157e-007 0.97029 0.24192 0 -4.139e-008 -0.24192 0.9703 0 2.5761e-005 -40.922 -31.432 1
0.99977 -0.00043138 -0.021238 0 2.7425e-005 0.99982 -0.019017 0 0.021243 0.019012 0.99959 0 -0.090156 -47.365 16.144 1
1 -1.6908e-007 -4.9825e-008 0 3.3711e-008 0.9703 0.24192 0 1.3189e-008 -0.24192 0.9703 0 4.1389e-005 -40.573 -31.439 1
1 -2.3864e-007 -3.1865e-008 0 9.6855e-008 0.9703 0.24192 0 -2.1065e-008 -0.24192 0.9703 0 3.1671e-005 -40.573 -31.439 1
1 -2.3863e-007 -3.1863e-008 0 9.686e-008 0.9703 0.24192 0 -2.1065e-008 -0.24192 0.9703 0 3.4486e-005 -40.573 -31.439 1
0.99974 -0.0004665 -0.022968 0 2.8954e-005 0.99982 -0.019041 0 0.022972 0.019035 0.99955 0 -0.097374 -47.016 16.142 1
1 -2.7399e-007 -4.8923e-008 0 8.1685e-008 0.9703 0.24192 0 -7.3164e-009 -0.24192 0.9703 0 3.347e-005 -40.216 -31.445 1
1 -2.4836e-007 -3.9852e-008 0 5.4617e-008 0.9703 0.24192 0 -9.9163e-009 -0.24192 0.9703 0 4.0511e-005 -40.216 -31.445 1
1 -2.4836e-007 -3.9851e-008 0 5.4616e-008 0.9703 0.24192 0 -9.917e-009 -0.24192 0.9703 0 3.5481e-005 -40.216 -31.445 1
0.99969 -0.00050253 -0.024747 0 3.0456e-005 0.99982 -0.019065 0 0.024752 0.019058 0.99951 0 -0.10479 -46.659 16.139 1
1 -3.0004e-007 -4.397e-008 0 1.5016e-007 0.9703 0.24192 0 -1.8424e-008 -0.24192 0.9703 0 2.3632e-005 -39.852 -31.452 1
1 -2.4188e-007 -4.451e-008 0 9.386e-008 0.9703 0.24192 0 -3.8294e-009 -0.24192 0.9703 0 3.5709e-005 -39.852 -31.452 1
1 -2.4188e-007 -4.4508e-008 0 9.3858e-008 0.9703 0.24192 0 -3.8303e-009 -0.24192 0.9703 0 2.6961e-005 -39.852 -31.452 1
0.99965 -0.00053946 -0.026571 0 3.2016e-005 0.99982 -0.019089 0 0.026577 0.019081 0.99946 0 -0.11239 -46.295 16.136 1
1 -2.5496e-007 -1.9672e-008 0 2.4295e-007 0.9703 0.24191 0 -3.6843e-008 -0.24191 0.9703 0 1.0208e-005 -39.482 -31.459 1
1 -2.2209e-007 -3.1416e-008 0 2.139e-007 0.9703 0.24191 0 -1.7495e-008 -0.24191 0.9703 0 1.5783e-005 -39.482 -31.459 1
1 -2.2209e-007 -3.1414e-008 0 2.139e-007 0.9703 0.24191 0 -1.7496e-008 -0.24191 0.9703 0 9.6892e-006 -39.482 -31.459 1
0.99959 -0.00057718 -0.028442 0 3.3484e-005 0.99982 -0.019112 0 0.028448 0.019103 0.99941 0 -0.12016 -45.924 16.133 1
1 -2.1227e-007 -9.1171e-009 0 2.9697e-007 0.9703 0.24191 0 -4.2504e-008 -0.24191 0.9703 0 3.3586e-006 -39.106 -31.466 1
1 -2.118e-007 -2.761e-008 0 3.0099e-007 0.9703 0.24191 0 -2.4446e-008 -0.24191 0.9703 0 3.1574e-006 -39.106 -31.466 1
1 -2.1179e-007 -2.7608e-008 0 3.0099e-007 0.9703 0.24191 0 -2.4447e-008 -0.24191 0.9703 0 -3.1377e-006 -39.106 -31.466 1
0.99954 -0.00061576 -0.030355 0 3.4908e-005 0.99982 -0.019135 0 0.030361 0.019125 0.99936 0 -0.12809 -45.548 16.13 1
1 -2.2954e-007 -1.6258e-008 0 2.2665e-007 0.9703 0.24191 0 -3.9752e-008 -0.24191 0.9703 0 1.5197e-005 -38.725 -31.474 1
1 -2.486e-007 -3.2744e-008 0 2.4914e-007 0.9703 0.24191 0 -2.8367e-008 -0.24191 0.9703 0 1.2866e-005 -38.725 -31.474 1
1 -2.486e-007 -3.2743e-008 0 2.4914e-007 0.9703 0.24191 0 -2.8367e-008 -0.24191 0.9703 0 8.2968e-006 -38.725 -31.474 1
0.99948 -0.00065523 -0.032307 0 3.6198e-005 0.99982 -0.019157 0 0.032314 0.019146 0.99929 0 -0.13616 -45.167 16.127 1
1 -1.9217e-007 -2.1633e-008 0 1.917e-007 0.9703 0.24191 0 -2.5497e-008 -0.24191 0.9703 0 1.9904e-005 -38.339 -31.481 1
1 -2.2918e-007 -3.145e-008 0 2.2998e-007 0.9703 0.24191 0 -2.4924e-008 -0.24191 0.9703 0 1.6588e-005 -38.339 -31.481 1
1 -2.2917e-007 -3.1447e-008 0 2.2998e-007 0.9703 0.24191 0 -2.4925e-008 -0.24191 0.9703 0 1.3645e-005 -38.339 -31.481 1
0.99941 -0.00069536 -0.034299 0 3.7413e-005 0.99982 -0.019179 0 0.034306 0.019167 0.99923 0 -0.14437 -44.781 16.123 1
1 -1.7721e-007 -2.3787e-008 0 1.777e-007 0.9703 0.2419 0 -1.9786e-008 -0.2419 0.9703 0 2.3361e-005 -37.95 -31.489 1
1 -2.2953e-007 -2.6841e-008 0 2.292e-007 0.9703 0.2419 0 -2.948e-008 -0.2419 0.9703 0 1.7328e-005 -37.95 -31.489 1
1 -2.2952e-007 -2.6838e-008 0 2.2921e-007 0.9703 0.2419 0 -2.9481e-008 -0.2419 0.9703 0 1.3732e-005 -37.95 -31.489 1
0.99934 -0.00073616 -0.036325 0 3.859e-005 0.99982 -0.0192 0 0.036333 0.019186 0.99916 0 -0.15271 -44.392 16.119 1
1 -1.6055e-007 -2.4132e-008 0 2.1062e-007 0.9703 0.2419 0 -1.8297e-008 -0.2419 0.9703 0 1.8458e-005 -37.557 -31.496 1
1 -2.2789e-007 -1.9042e-008 0 2.7473e-007 0.9703 0.2419 0 -3.9525e-008 -0.2419 0.9703 0 9.9298e-006 -37.557 -31.496 1
1 -2.2788e-007 -1.904e-008 0 2.7473e-007 0.9703 0.2419 0 -3.9525e-008 -0.2419 0.9703 0 1.1232e-006 -37.557 -31.496 1
0.99926 -0.00077752 -0.038387 0 3.9627e-005 0.99981 -0.019221 0 0.038395 0.019205 0.99908 0 -0.16117 -43.999 16.115 1
1 -1.5201e-007 -2.6983e-008 0 2.5203e-007 0.9703 0.2419 0 -1.6339e-008 -0.2419 0.9703 0 1.2325e-005 -37.162 -31.504 1
1 -2.2037e-007 -1.5951e-008 0 3.1569e-007 0.9703 0.2419 0 -4.3581e-008 -0.2419 0.9703 0 3.6897e-006 -37.162 -31.504 1
1 -2.2036e-007 -1.5949e-008 0 3.1569e-007 0.9703 0.2419 0 -4.358e-008 -0.2419 0.9703 0 -8.0037e-006 -37.162 -31.504 1
0.99918 -0.00081939 -0.040479 0 4.0586e-005 0.99981 -0.01924 0 0.040488 0.019223 0.99899 0 -0.16974 -43.604 16.11 1
1 -2.3632e-007 -4.038e-008 0 2.4367e-007 0.9703 0.2419 0 -2.0858e-008 -0.2419 0.9703 0 1.2115e-005 -36.765 -31.512 1
1 -2.6577e-007 -2.8178e-008 0 2.693e-007 0.9703 0.2419 0 -3.9824e-008 -0.2419 0.9703 0 9.8724e-006 -36.765 -31.512 1
1 -2.6576e-007 -2.8175e-008 0 2.6929e-007 0.9703 0.2419 0 -3.9823e-008 -0.2419 0.9703 0 3.6362e-006 -36.765 -31.512 1
0.99909 -0.00086182 -0.042601 0 4.126e-005 0.99981 -0.019259 0 0.042609 0.01924 0.99891 0 -0.17838 -43.207 16.106 1
1 -2.9585e-007 -4.9155e-008 0 2.5455e-007 0.9703 0.24189 0 -2.3868e-008 -0.24189 0.9703 0 8.9626e-006 -36.367 -31.52 1
1 -2.8262e-007 -3.8327e-008 0 2.391e-007 0.9703 0.24189 0 -3.1175e-008 -0.24189 0.9703 0 1.3881e-005 -36.367 -31.52 1
1 -2.8261e-007 -3.8325e-008 0 2.391e-007 0.9703 0.24189 0 -3.1175e-008 -0.24189 0.9703 0 1.2448e-005 -36.367 -31.52 1
0.999 -0.00090463 -0.044751 0 4.182e-005 0.99981 -0.019277 0 0.04476 0.019255 0.99881 0 -0.1871 -42.808 16.101 1
1 -2.7071e-007 -5.2335e-008 0 2.3092e-007 0.9703 0.24189 0 -1.47e-008 -0.24189 0.9703 0 1.4214e-005 -35.968 -31.529 1
1 -2.8851e-007 -4.2891e-008 0 2.4591e-007 0.9703 0.24189 0 -2.8169e-008 -0.24189 0.9703 0 1.4903e-005 -35.968 -31.529 1
1 -2.885e-007 -4.2889e-008 0 2.4591e-007 0.9703 0.24189 0 -2.8169e-008 -0.24189 0.9703 0 1.517e-005 -35.968 -31.529 1
0.9989 -0.00094794 -0.046924 0 4.2466e-005 0.99981 -0.019293 0 0.046933 0.01927 0.99871 0 -0.19594 -42.409 16.096 1
1 -1.8147e-007 -4.0288e-008 0 1.4142e-007 0.9703 0.24189 0 -4.8035e-009 -0.24189 0.9703 0 3.0582e-005 -35.569 -31.537 1
1 -3.0918e-007 -3.2117e-008 0 2.6337e-007 0.9703 0.24189 0 -4.3624e-008 -0.24189 0.9703 0 1.2677e-005 -35.569 -31.537 1
1 -3.0917e-007 -3.2115e-008 0 2.6337e-007 0.9703 0.24189 0 -4.3624e-008 -0.24189 0.9703 0 1.1541e-005 -35.569 -31.537 1
0.99879 -0.00099172 -0.049121 0 4.3077e-005 0.99981 -0.019309 0 0.049131 0.019283 0.99861 0 -0.20486 -42.01 16.09 1
1 -9.7239e-008 -2.7592e-008 0 1.0103e-007 0.9703 0.24189 0 3.252e-009 -0.24189 0.9703 0 3.8443e-005 -35.17 -31.545 1
1 -3.0342e-007 -2.3871e-008 0 3.0019e-007 0.9703 0.24189 0 -5.0232e-008 -0.24189 0.9703 0 6.9025e-006 -35.17 -31.545 1
1 -3.0342e-007 -2.3869e-008 0 3.0019e-007 0.9703 0.24189 0 -5.0232e-008 -0.24189 0.9703 0 4.7991e-006 -35.17 -31.545 1
0.99868 -0.0010357 -0.051338 0 4.359e-005 0.99981 -0.019323 0 0.051349 0.019295 0.99849 0 -0.21385 -41.611 16.084 1
1 -1.2724e-007 -1.1892e-008 0 1.2634e-007 0.9703 0.24188 0 -1.924e-008 -0.24188 0.9703 0 3.517e-005 -34.773 -31.554 1
1 -3.0259e-007 -2.048e-008 0 2.9856e-007 0.9703 0.24188 0 -5.332e-008 -0.24188 0.9703 0 6.7645e-006 -34.773 -31.554 1
1 -3.0258e-007 -2.0477e-008 0 2.9856e-007 0.9703 0.24188 0 -5.332e-008 -0.24188 0.97031 0 7.578e-006 -34.773 -31.554 1
0.99856 -0.0010799 -0.053574 0 4.3882e-005 0.99981 -0.019336 0 0.053585 0.019306 0.99838 0 -0.22287 -41.214 16.078 1
1 -1.8234e-007 -2.3259e-008 0 1.8255e-007 0.97031 0.24188 0 -2.1535e-008 -0.24188 0.97031 0 2.6023e-005 -34.378 -31.562 1
1 -2.9454e-007 -4.5772e-008 0 2.9687e-007 0.97031 0.24188 0 -2.6832e-008 -0.24188 0.97031 0 5.2919e-006 -34.378 -31.562 1
1 -2.9454e-007 -4.5769e-008 0 2.9687e-007 0.97031 0.24188 0 -2.6833e-008 -0.24188 0.97031 0 1.0088e-005 -34.378 -31.562 1
0.99844 -0.0011242 -0.055827 0 4.3974e-005 0.99981 -0.019348 0 0.055838 0.019316 0.99825 0 -0.23192 -40.818 16.072 1
1 -1.797e-007 -6.2613e-009 0 1.7588e-007 0.97031 0.24188 0 -3.7391e-008 -0.24188 0.97031 0 2.7725e-005 -33.985 -31.571 1
1 -3.059e-007 -3.2162e-008 0 3.046e-007 0.97031 0.24188 0 -4.2784e-008 -0.24188 0.97031 0 4.5215e-006 -33.985 -31.571 1
1 -3.059e-007 -3.2159e-008 0 3.046e-007 0.97031 0.24188 0 -4.2786e-008 -0.24188 0.97031 0 9.7359e-006 -33.985 -31.571 1
0.99831 -0.0011688 -0.058092 0 4.4074e-005 0.99981 -0.019359 0 0.058104 0.019324 0.99812 0 -0.24102 -40.426 16.066 1
1 -1.1164e-007 -5.5615e-009 0 1.0967e-007 0.97031 0.24188 0 -2.1606e-008 -0.24188 0.97031 0 3.7294e-005 -33.595 -31.579 1
1 -3.2985e-007 -2.4601e-008 0 3.26e-007 0.97031 0.24188 0 -5.5911e-008 -0.24188 0.97031 0 2.9078e-006 -33.595 -31.579 1
1 -3.2984e-007 -2.4599e-008 0 3.26e-007 0.97031 0.24188 0 -5.5912e-008 -0.24188 0.97031 0 1.7339e-006 -33.595 -31.579 1
0.99818 -0.0012135 -0.060371 0 4.4119e-005 0.99981 -0.019368 0 0.060383 0.01933 0.99799 0 -0.25018 -40.036 16.059 1
1 -7.2555e-008 -1.8486e-008 0 7.4872e-008 0.97031 0.24187 0 3.8783e-010 -0.24187 0.97031 0 4.2754e-005 -33.209 -31.588 1
1 -3.4578e-007 -3.0743e-008 0 3.4295e-007 0.97031 0.24187 0 -5.3806e-008 -0.24187 0.97031 0 2.6627e-007 -33.209 -31.588 1
1 -3.4578e-007 -3.0741e-008 0 3.4296e-007 0.97031 0.24187 0 -5.3807e-008 -0.24187 0.97031 0 -2.5849e-006 -33.209 -31.588 1
0.99803 -0.0012582 -0.062659 0 4.3996e-005 0.99981 -0.019376 0 0.062671 0.019335 0.99785 0 -0.25933 -39.65 16.052 1
1 -1.2522e-007 -2.0981e-008 0 1.2658e-007 0.97031 0.24187 0 -9.9286e-009 -0.24187 0.97031 0 3.52e-005 -32.828 -31.597 1
1 -3.4243e-007 -3.2374e-008 0 3.401e-007 0.97031 0.24187 0 -5.1413e-008 -0.24187 0.97031 0 -3.1757e-007 -32.828 -31.597 1
1 -3.4243e-007 -3.2372e-008 0 3.401e-007 0.97031 0.24187 0 -5.1414e-008 -0.24187 0.97031 0 1.4786e-006 -32.828 -31.597 1
0.99789 -0.0013028 -0.064954 0 4.3672e-005 0.99981 -0.019383 0 0.064967 0.019339 0.9977 0 -0.26848 -39.268 16.044 1
1 -2.3744e-007 -3.6603e-008 0 1.8564e-007 0.97031 0.24187 0 -1.6161e-008 -0.24187 0.97031 0 2.5367e-005 -32.451 -31.605 1
1 -3.5742e-007 -4.8018e-008 0 3.0482e-007 0.97031 0.24187 0 -3.4106e-008 -0.24187 0.97031 0 1.1414e-006 -32.451 -31.605 1
1 -3.5742e-007 -4.8016e-008 0 3.0482e-007 0.97031 0.24187 0 -3.4107e-008 -0.24187 0.97031 0 9.1009e-006 -32.451 -31.605 1
0.99773 -0.0013473 -0.067255 0 4.3165e-005 0.99981 -0.019388 0 0.067269 0.019341 0.99755 0 -0.27762 -38.891 16.037 1
1 -2.9081e-007 -4.4992e-008 0 2.3946e-007 0.97031 0.24187 0 -2.0929e-008 -0.24187 0.97031 0 1.8572e-005 -32.08 -31.614 1
1 -3.5765e-007 -5.1221e-008 0 3.0582e-007 0.97031 0.24187 0 -3.1051e-008 -0.24187 0.97031 0 3.1352e-006 -32.08 -31.614 1
1 -3.5764e-007 -5.1219e-008 0 3.0582e-007 0.97031 0.24187 0 -3.1052e-008 -0.24187 0.97031 0 1.2111e-005 -32.08 -31.614 1
0.99758 -0.0013917 -0.069558 0 4.2689e-005 0.99981 -0.019392 0 0.069572 0.019342 0.99739 0 -0.28677 -38.52 16.029 1
1 -2.884e-007 -4.6347e-008 0 2.9104e-007 0.97031 0.24187 0 -2.4782e-008 -0.24187 0.97031 0 1.2436e-005 -31.716 -31.623 1
1 -3.3724e-007 -4.1267e-008 0 3.3721e-007 0.97031 0.24187 0 -4.1526e-008 -0.24187 0.97031 0 3.8196e-006 -31.716 -31.623 1
1 -3.3724e-007 -4.1265e-008 0 3.3721e-007 0.97031 0.24187 0 -4.1527e-008 -0.24187 0.97031 0 7.0196e-006 -31.716 -31.623 1
0.99741 -0.0014361 -0.071863 0 4.2227e-005 0.99981 -0.019394 0 0.071878 0.019341 0.99723 0 -0.29593 -38.155 16.021 1
1 -2.8455e-007 -5.0995e-008 0 3.3744e-007 0.97031 0.24186 0 -2.2218e-008 -0.24186 0.97031 0 6.8235e-006 -31.358 -31.632 1
1 -3.2178e-007 -4.0365e-008 0 3.7099e-007 0.97031 0.24186 0 -4.1536e-008 -0.24186 0.97031 0 3.9039e-006 -31.358 -31.632 1
1 -3.2178e-007 -4.0364e-008 0 3.7099e-007 0.97031 0.24186 0 -4.1537e-008 -0.24186 0.97031 0 1.1509e-006 -31.358 -31.632 1
0.99724 -0.0014802 -0.074167 0 4.1696e-005 0.99981 -0.019395 0 0.074181 0.019338 0.99706 0 -0.30507 -37.798 16.013 1
1 -3.1639e-007 -2.5738e-008 0 3.6222e-007 0.97031 0.24186 0 -5.4424e-008 -0.24186 0.97031 0 2.7325e-006 -31.008 -31.64 1
1 -3.3372e-007 -2.5386e-008 0 3.7895e-007 0.97031 0.24186 0 -5.8958e-008 -0.24186 0.97031 0 3.1223e-006 -31.008 -31.64 1
1 -3.3372e-007 -2.5384e-008 0 3.7896e-007 0.97031 0.24186 0 -5.8959e-008 -0.24186 0.97031 0 -2.5537e-006 -31.008 -31.64 1
0.99707 -0.0015242 -0.076466 0 4.1106e-005 0.99981 -0.019394 0 0.076482 0.019334 0.99688 0 -0.31419 -37.447 16.004 1
1 -3.2213e-007 -2.6468e-009 0 4.0201e-007 0.97031 0.24186 0 -7.5343e-008 -0.24186 0.97031 0 -3.9881e-006 -30.666 -31.649 1
1 -3.2512e-007 -1.7412e-008 0 4.0848e-007 0.97031 0.24186 0 -6.1739e-008 -0.24186 0.97031 0 -1.8508e-006 -30.666 -31.649 1
1 -3.2512e-007 -1.741e-008 0 4.0849e-007 0.97031 0.24186 0 -6.174e-008 -0.24186 0.97031 0 -1.0403e-005 -30.666 -31.649 1
0.99689 -0.001568 -0.078762 0 4.042e-005 0.99981 -0.019392 0 0.078777 0.019329 0.9967 0 -0.32327 -37.105 15.995 1
1 -2.9492e-007 1.4346e-008 0 4.205e-007 0.97031 0.24186 0 -8.8126e-008 -0.24186 0.97031 0 -4.7942e-006 -30.333 -31.658 1
1 -3.1233e-007 -3.0551e-009 0 4.416e-007 0.97031 0.24186 0 -7.5451e-008 -0.24186 0.97031 0 -6.2787e-006 -30.333 -31.658 1
1 -3.1233e-007 -3.0529e-009 0 4.4161e-007 0.97031 0.24186 0 -7.5452e-008 -0.24186 0.97031 0 -1.3299e-005 -30.333 -31.658 1
0.99671 -0.0016112 -0.081048 0 3.9652e-005 0.99981 -0.019389 0 0.081064 0.019322 0.99652 0 -0.3323 -36.772 15.987 1
1 -3.1749e-007 -1.0794e-008 0 3.1067e-007 0.97031 0.24186 0 -6.6313e-008 -0.24186 0.97031 0 1.0714e-005 -30.009 -31.667 1
1 -3.8578e-007 -1.9034e-008 0 3.7893e-007 0.97031 0.24186 0 -7.4835e-008 -0.24186 0.97031 0 -8.1763e-008 -30.009 -31.666 1
1 -3.8578e-007 -1.9033e-008 0 3.7894e-007 0.97031 0.24186 0 -7.4835e-008 -0.24186 0.97031 0 -3.3018e-006 -30.009 -31.666 1
0.99652 -0.0016541 -0.083325 0 3.8729e-005 0.99981 -0.019384 0 0.083342 0.019313 0.99633 0 -0.34127 -36.448 15.977 1
1 -2.5008e-007 -9.6049e-009 0 3.4298e-007 0.97031 0.24186 0 -5.6916e-008 -0.24186 0.97031 0 8.188e-006 -29.695 -31.675 1
1 -3.3373e-007 -9.8746e-009 0 4.2421e-007 0.97031 0.24186 0 -7.6885e-008 -0.24186 0.97031 0 -6.3114e-006 -29.695 -31.675 1
1 -3.3372e-007 -9.8731e-009 0 4.2422e-007 0.97031 0.24186 0 -7.6885e-008 -0.24186 0.97031 0 -5.5745e-006 -29.695 -31.675 1
0.99633 -0.0016964 -0.08559 0 3.7774e-005 0.99981 -0.019377 0 0.085607 0.019303 0.99614 0 -0.35017 -36.135 15.968 1
1 -3.6808e-007 -2.1341e-008 0 3.6231e-007 0.97031 0.24185 0 -6.8313e-008 -0.24185 0.97031 0 3.3166e-006 -29.392 -31.684 1
1 -3.5888e-007 -2.1921e-008 0 3.5352e-007 0.97031 0.24185 0 -6.5525e-008 -0.24185 0.97031 0 2.8285e-006 -29.392 -31.684 1
1 -3.5887e-007 -2.1919e-008 0 3.5353e-007 0.97031 0.24185 0 -6.5526e-008 -0.24185 0.97031 0 3.277e-006 -29.392 -31.684 1
0.99613 -0.0017383 -0.08784 0 3.6649e-005 0.99981 -0.01937 0 0.087857 0.019292 0.99595 0 -0.359 -35.832 15.959 1
1 -4.7987e-007 -5.8938e-009 0 4.1804e-007 0.97031 0.24185 0 -1.0746e-007 -0.24185 0.97031 0 -5.6954e-006 -29.1 -31.692 1
1 -3.5494e-007 -9.0595e-009 0 2.976e-007 0.97031 0.24185 0 -7.4177e-008 -0.24185 0.97031 0 1.2809e-005 -29.1 -31.692 1
1 -3.5494e-007 -9.0573e-009 0 2.976e-007 0.97031 0.24185 0 -7.4178e-008 -0.24185 0.97031 0 1.0761e-005 -29.1 -31.692 1
0.99593 -0.0017796 -0.090075 0 3.5508e-005 0.99981 -0.019361 0 0.090093 0.019279 0.99575 0 -0.36775 -35.54 15.949 1
1 -5.0699e-007 -2.1272e-008 0 3.5468e-007 0.97031 0.24185 0 -9.6223e-008 -0.24185 0.97031 0 3.0589e-006 -28.821 -31.701 1
1 -3.9227e-007 -2.2639e-008 0 2.437e-007 0.97031 0.24185 0 -6.7152e-008 -0.24185 0.97031 0 2.3064e-005 -28.821 -31.701 1
1 -3.9226e-007 -2.2636e-008 0 2.437e-007 0.97031 0.24185 0 -6.7153e-008 -0.24185 0.97031 0 1.7647e-005 -28.821 -31.701 1
0.99573 -0.0018203 -0.092289 0 3.4273e-005 0.99981 -0.01935 0 0.092307 0.019264 0.99554 0 -0.37641 -35.26 15.939 1
1 -3.612e-007 -3.6897e-008 0 2.66e-007 0.97031 0.24185 0 -4.8679e-008 -0.24185 0.97031 0 1.636e-005 -28.554 -31.709 1
1 -3.8089e-007 -3.1528e-008 0 2.8381e-007 0.97031 0.24185 0 -5.8651e-008 -0.24185 0.97031 0 1.8146e-005 -28.554 -31.709 1
1 -3.8089e-007 -3.1526e-008 0 2.8381e-007 0.97031 0.24185 0 -5.8652e-008 -0.24185 0.97031 0 1.0246e-005 -28.554 -31.709 1
0.99552 -0.0018606 -0.094485 0 3.3119e-005 0.99981 -0.019339 0 0.094503 0.019249 0.99534 0 -0.385 -34.993 15.929 1
1 -2.5283e-007 -5.5147e-008 0 1.6986e-007 0.97031 0.24185 0 -7.6385e-009 -0.24185 0.97031 0 3.2954e-005 -28.3 -31.718 1
1 -3.9325e-007 -4.8264e-008 0 3.0444e-007 0.97031 0.24185 0 -4.8275e-008 -0.24185 0.97031 0 1.7812e-005 -28.3 -31.718 1
1 -3.9324e-007 -4.8262e-008 0 3.0445e-007 0.97031 0.24185 0 -4.8276e-008 -0.24185 0.97031 0 8.8116e-006 -28.3 -31.718 1
0.99532 -0.0019002 -0.096657 0 3.1917e-005 0.99981 -0.019326 0 0.096675 0.019232 0.99513 0 -0.39349 -34.739 15.919 1
1 -2.2008e-007 -4.5429e-008 0 1.3113e-007 0.97031 0.24185 0 -6.2703e-009 -0.24185 0.97031 0 3.923e-005 -28.06 -31.726 1
1 -4.0952e-007 -5.0731e-008 0 3.1623e-007 0.97031 0.24185 0 -4.6942e-008 -0.24185 0.97031 0 1.4863e-005 -28.06 -31.726 1
1 -4.0952e-007 -5.0729e-008 0 3.1624e-007 0.97031 0.24185 0 -4.6942e-008 -0.24185 0.97031 0 7.662e-006 -28.06 -31.726 1
0.9951 -0.001939 -0.098803 0 3.0666e-005 0.99981 -0.019312 0 0.098822 0.019214 0.99492 0 -0.40188 -34.499 15.909 1
1 -2.0056e-007 -2.157e-008 0 1.5543e-007 0.97031 0.24185 0 -2.7577e-008 -0.24185 0.97031 0 3.6578e-005 -27.835 -31.734 1
1 -4.0059e-007 -4.351e-008 0 3.5482e-007 0.97031 0.24185 0 -5.4665e-008 -0.24185 0.97031 0 8.1568e-006 -27.835 -31.734 1
1 -4.0059e-007 -4.3508e-008 0 3.5482e-007 0.97031 0.24185 0 -5.4665e-008 -0.24185 0.97031 0 1.3434e-006 -27.835 -31.734 1
0.99489 -0.0019771 -0.10092 0 2.948e-005 0.99981 -0.019296 0 0.10094 0.019195 0.99471 0 -0.41017 -34.273 15.899 1
1 -2.6354e-007 -1.7995e-008 0 2.1567e-007 0.97031 0.24185 0 -4.6275e-008 -0.24185 0.97031 0 2.8855e-005 -27.625 -31.742 1
1 -4.229e-007 -4.7192e-008 0 3.7736e-007 0.97031 0.24185 0 -5.6486e-008 -0.24185 0.97031 0 3.207e-006 -27.625 -31.742 1
1 -4.2289e-007 -4.7191e-008 0 3.7735e-007 0.97031 0.24185 0 -5.6487e-008 -0.24185 0.97031 0 1.0092e-006 -27.625 -31.742 1
0.99468 -0.0020144 -0.10301 0 2.8147e-005 0.99981 -0.01928 0 0.10303 0.019175 0.99449 0 -0.4183 -34.063 15.889 1
1 -3.2694e-007 -6.2911e-009 0 4.1676e-007 0.97031 0.24185 0 -7.8718e-008 -0.24185 0.97031 0 -1.3945e-006 -27.43 -31.75 1
1 -3.8351e-007 -3.5028e-008 0 4.786e-007 0.97031 0.24185 0 -6.4515e-008 -0.24185 0.97031 0 -1.3459e-005 -27.43 -31.75 1
1 -3.835e-007 -3.5027e-008 0 4.7859e-007 0.97031 0.24185 0 -6.4515e-008 -0.24185 0.97031 0 -1.2002e-005 -27.43 -31.75 1
0.99446 -0.002051 -0.10507 0 2.6907e-005 0.99981 -0.019263 0 0.10509 0.019153 0.99428 0 -0.42633 -33.869 15.878 1
1 -4.246e-007 -6.8575e-009 0 5.1166e-007 0.97031 0.24185 0 -1.0179e-007 -0.24185 0.97031 0 -1.715e-005 -27.252 -31.758 1
1 -3.9788e-007 -3.0705e-008 0 4.915e-007 0.97031 0.24185 0 -7.2186e-008 -0.24185 0.97031 0 -1.8595e-005 -27.252 -31.758 1
1 -3.9788e-007 -3.0704e-008 0 4.9149e-007 0.97031 0.24185 0 -7.2186e-008 -0.24185 0.97031 0 -1.39e-005 -27.252 -31.758 1
0.99425 -0.0020867 -0.1071 0 2.5555e-005 0.99981 -0.019245 0 0.10712 0.019131 0.99406 0 -0.43421 -33.69 15.868 1
1 -4.5969e-007 -3.9356e-008 0 4.6016e-007 0.97031 0.24185 0 -7.5864e-008 -0.24185 0.97031 0 -8.0852e-006 -27.091 -31.766 1
1 -4.1499e-007 -5.1894e-008 0 4.1983e-007 0.97031 0.24185 0 -5.2889e-008 -0.24185 0.97031 0 -4.6707e-006 -27.091 -31.766 1
1 -4.1499e-007 -5.1892e-008 0 4.1982e-007 0.97031 0.24185 0 -5.289e-008 -0.24185 0.97031 0 -1.3855e-006 -27.091 -31.766 1
0.99403 -0.0021217 -0.10909 0 2.4198e-005 0.99982 -0.019225 0 0.10911 0.019108 0.99385 0 -0.44194 -33.529 15.858 1
1 -4.3462e-007 -4.9663e-008 0 3.8933e-007 0.97031 0.24185 0 -5.6926e-008 -0.24185 0.97031 0 5.3058e-006 -26.947 -31.774 1
1 -4.0211e-007 -4.8797e-008 0 3.5757e-007 0.97031 0.24185 0 -4.9901e-008 -0.24185 0.97031 0 1.033e-005 -26.947 -31.774 1
1 -4.021e-007 -4.8795e-008 0 3.5757e-007 0.97031 0.24185 0 -4.9902e-008 -0.24185 0.97031 0 1.1002e-005 -26.947 -31.774 1
0.99381 -0.0021557 -0.11104 0 2.293e-005 0.99982 -0.019205 0 0.11106 0.019084 0.99363 0 -0.44954 -33.386 15.847 1
1 -4.1074e-007 -4.9427e-008 0 3.661e-007 0.97031 0.24185 0 -5.1379e-008 -0.24185 0.97031 0 7.683e-006 -26.822 -31.781 1
1 -3.9826e-007 -4.3868e-008 0 3.5264e-007 0.97031 0.24185 0 -5.3752e-008 -0.24185 0.97031 0 1.101e-005 -26.822 -31.781 1
1 -3.9825e-007 -4.3866e-008 0 3.5264e-007 0.97031 0.24185 0 -5.3753e-008 -0.24185 0.97031 0 9.1434e-006 -26.822 -31.781 1
0.9936 -0.0021887 -0.11295 0 2.1567e-005 0.99982 -0.019185 0 0.11297 0.019059 0.99342 0 -0.45695 -33.261 15.837 1
1 -4.0844e-007 -4.2606e-008 0 3.5762e-007 0.97031 0.24185 0 -5.4565e-008 -0.24185 0.97031 0 8.0555e-006 -26.715 -31.789 1
1 -4.3178e-007 -4.0385e-008 0 3.7973e-007 0.97031 0.24185 0 -6.2364e-008 -0.24185 0.97031 0 5.5228e-006 -26.715 -31.789 1
1 -4.3178e-007 -4.0384e-008 0 3.7973e-007 0.97031 0.24185 0 -6.2365e-008 -0.24185 0.97031 0 2.9553e-007 -26.715 -31.789 1
0.99338 -0.0022208 -0.11482 0 2.0241e-005 0.99982 -0.019163 0 0.11484 0.019034 0.9932 0 -0.4642 -33.154 15.827 1
1 -3.876e-007 -2.6578e-008 0 3.8252e-007 0.97031 0.24185 0 -6.7953e-008 -0.24185 0.97031 0 3.7362e-006 -26.629 -31.796 1
1 -4.3456e-007 -2.9229e-008 0 4.2873e-007 0.97031 0.24185 0 -7.6738e-008 -0.24185 0.97031 0 -3.586e-006 -26.629 -31.796 1
1 -4.3456e-007 -2.9228e-008 0 4.2873e-007 0.97031 0.24185 0 -7.6739e-008 -0.24185 0.97031 0 -8.4058e-006 -26.629 -31.796 1
0.99317 -0.0022519 -0.11664 0 1.8941e-005 0.99982 -0.019141 0 0.11666 0.019008 0.99299 0 -0.47128 -33.067 15.816 1
1 -4.0605e-007 -2.5868e-008 0 4.0025e-007 0.97031 0.24185 0 -7.3105e-008 -0.24185 0.97031 0 4.3274e-007 -26.562 -31.803 1
1 -4.385e-007 -3.2488e-008 0 4.3334e-007 0.97031 0.24185 0 -7.4529e-008 -0.24185 0.97031 0 -6.1601e-006 -26.562 -31.803 1
1 -4.385e-007 -3.2487e-008 0 4.3334e-007 0.97031 0.24185 0 -7.453e-008 -0.24185 0.97031 0 -3.6028e-006 -26.562 -31.803 1
0.99296 -0.002282 -0.11842 0 1.7674e-005 0.99982 -0.019118 0 0.11844 0.018982 0.99278 0 -0.47818 -33.001 15.806 1
1 -3.8016e-007 -1.0748e-008 0 4.6948e-007 0.97031 0.24185 0 -8.7268e-008 -0.24185 0.97031 0 -8.9856e-006 -26.516 -31.81 1
1 -3.8774e-007 -2.1691e-008 0 4.7947e-007 0.97031 0.24185 0 -7.8482e-008 -0.24185 0.97031 0 -1.3272e-005 -26.516 -31.81 1
1 -3.8773e-007 -2.1688e-008 0 4.7947e-007 0.97031 0.24185 0 -7.8483e-008 -0.24185 0.97031 0 -4.1955e-006 -26.516 -31.81 1
0.99275 -0.002311 -0.12015 0 1.6577e-005 0.99982 -0.019095 0 0.12017 0.018955 0.99257 0 -0.48491 -32.955 15.796 1
1 -3.7378e-007 -8.7292e-009 0 4.628e-007 0.97031 0.24186 0 -8.7684e-008 -0.24186 0.97031 0 -7.0965e-006 -26.492 -31.816 1
1 -3.8817e-007 -2.4222e-008 0 4.8051e-007 0.97031 0.24186 0 -7.613e-008 -0.24186 0.97031 0 -1.3349e-005 -26.492 -31.816 1
1 -3.8816e-007 -2.422e-008 0 4.805e-007 0.97031 0.24186 0 -7.6132e-008 -0.24186 0.97031 0 -1.8851e-006 -26.492 -31.816 1
0.99255 -0.0023389 -0.12183 0 1.5288e-005 0.99982 -0.019072 0 0.12185 0.018928 0.99237 0 -0.49141 -32.931 15.786 1
1 -3.4373e-007 -1.6506e-008 0 4.3092e-007 0.97031 0.24186 0 -6.9994e-008 -0.24186 0.97031 0 -1.1051e-006 -26.488 -31.823 1
1 -3.9394e-007 -3.7712e-008 0 4.8477e-007 0.97031 0.24186 0 -6.1562e-008 -0.24186 0.97031 0 -1.2891e-005 -26.488 -31.823 1
1 -3.9394e-007 -3.7711e-008 0 4.8477e-007 0.97031 0.24186 0 -6.1564e-008 -0.24186 0.97031 0 -3.4802e-006 -26.488 -31.823 1
0.99235 -0.0023659 -0.12345 0 1.4022e-005 0.99982 -0.019049 0 0.12348 0.018901 0.99217 0 -0.4977 -32.927 15.777 1
1 -3.5315e-007 -2.9367e-008 0 3.4977e-007 0.97031 0.24186 0 -5.6918e-008 -0.24186 0.97031 0 1.245e-005 -26.51 -31.829 1
1 -4.431e-007 -5.1655e-008 0 4.4244e-007 0.97031 0.24186 0 -5.7047e-008 -0.24186 0.97031 0 -4.2291e-006 -26.51 -31.829 1
1 -4.431e-007 -5.1653e-008 0 4.4244e-007 0.97031 0.24186 0 -5.7048e-008 -0.24186 0.97031 0 1.0938e-006 -26.51 -31.829 1
0.99215 -0.0023917 -0.12502 0 1.2774e-005 0.99982 -0.019025 0 0.12505 0.018874 0.99197 0 -0.50378 -32.949 15.767 1
1 -3.2842e-007 -2.9743e-008 0 2.8146e-007 0.97031 0.24186 0 -5.0573e-008 -0.24186 0.97031 0 2.2875e-005 -26.56 -31.835 1
1 -4.6681e-007 -4.0893e-008 0 4.1844e-007 0.97031 0.24186 0 -7.3224e-008 -0.24186 0.97031 0 -2.7714e-007 -26.56 -31.835 1
1 -4.668e-007 -4.0891e-008 0 4.1844e-007 0.97031 0.24186 0 -7.3225e-008 -0.24186 0.97031 0 1.2919e-006 -26.56 -31.835 1
0.99196 -0.0024165 -0.12654 0 1.1696e-005 0.99982 -0.019001 0 0.12656 0.018847 0.99178 0 -0.50965 -32.999 15.758 1
1 -3.1409e-007 -3.8031e-008 0 2.2516e-007 0.97031 0.24187 0 -3.9065e-008 -0.24187 0.97031 0 3.0911e-005 -26.636 -31.841 1
1 -4.9079e-007 -3.5494e-008 0 3.96e-007 0.97031 0.24186 0 -8.4266e-008 -0.24186 0.97031 0 3.1801e-006 -26.636 -31.841 1
1 -4.9079e-007 -3.5491e-008 0 3.9601e-007 0.97031 0.24186 0 -8.4267e-008 -0.24187 0.97031 0 2.5218e-006 -26.636 -31.841 1
0.99177 -0.0024402 -0.12799 0 1.0727e-005 0.99982 -0.018978 0 0.12802 0.01882 0.99159 0 -0.51532 -33.076 15.749 1
1 -3.6298e-007 -4.1668e-008 0 2.7348e-007 0.97031 0.24187 0 -4.7363e-008 -0.24187 0.97031 0 2.3268e-005 -26.743 -31.847 1
1 -5.045e-007 -4.1756e-008 0 4.1082e-007 0.97031 0.24187 0 -8.1507e-008 -0.24187 0.97031 0 3.1096e-007 -26.743 -31.847 1
1 -5.045e-007 -4.1754e-008 0 4.1083e-007 0.97031 0.24187 0 -8.1508e-008 -0.24187 0.97031 0 5.2051e-007 -26.743 -31.847 1
0.99159 -0.0024624 -0.12938 0 9.6253e-006 0.99982 -0.018954 0 0.12941 0.018793 0.99141 0 -0.5207 -33.183 15.74 1
1 -4.9225e-007 -3.3678e-008 0 4.4138e-007 0.97031 0.24187 0 -8.6384e-008 -0.24187 0.97031 0 -2.7242e-006 -26.88 -31.853 1
1 -5.1598e-007 -5.341e-008 0 4.6918e-007 0.97031 0.24187 0 -7.2977e-008 -0.24187 0.97031 0 -1.0103e-005 -26.88 -31.853 1
1 -5.1598e-007 -5.3409e-008 0 4.6918e-007 0.97031 0.24187 0 -7.2977e-008 -0.24187 0.97031 0 -5.0515e-006 -26.88 -31.853 1
0.99142 -0.0024835 -0.13071 0 8.5214e-006 0.99982 -0.018931 0 0.13074 0.018767 0.99124 0 -0.52583 -33.32 15.732 1
1 -5.6856e-007 -2.5255e-008 0 5.5778e-007 0.97031 0.24187 0 -1.1301e-007 -0.24187 0.97031 0 -1.9881e-005 -27.045 -31.858 1
1 -5.1298e-007 -5.8314e-008 0 5.1186e-007 0.97031 0.24187 0 -6.7495e-008 -0.24187 0.97031 0 -1.753e-005 -27.044 -31.858 1
1 -5.1298e-007 -5.8314e-008 0 5.1186e-007 0.97031 0.24187 0 -6.7495e-008 -0.24187 0.97031 0 -7.8968e-006 -27.044 -31.858 1
0.99125 -0.0025033 -0.13198 0 7.4964e-006 0.99982 -0.018908 0 0.132 0.018741 0.99107 0 -0.5307 -33.484 15.723 1
1 -5.1096e-007 -1.6013e-008 0 4.9966e-007 0.97031 0.24188 0 -1.0805e-007 -0.24188 0.97031 0 -1.1e-005 -27.236 -31.863 1
1 -4.9122e-007 -4.1964e-008 0 4.8679e-007 0.97031 0.24188 0 -7.8098e-008 -0.24188 0.97031 0 -1.2703e-005 -27.236 -31.863 1
1 -4.9122e-007 -4.1963e-008 0 4.8679e-007 0.97031 0.24188 0 -7.8099e-008 -0.24188 0.97031 0 -6.0081e-006 -27.236 -31.863 1
0.99109 -0.002522 -0.13317 0 6.6198e-006 0.99982 -0.018885 0 0.1332 0.018715 0.99091 0 -0.53534 -33.675 15.715 1
1 -4.3477e-007 -2.7658e-008 0 3.3975e-007 0.97031 0.24188 0 -7.8326e-008 -0.24188 0.97031 0 1.4036e-005 -27.453 -31.868 1
1 -4.9722e-007 -3.8554e-008 0 4.0298e-007 0.97031 0.24188 0 -8.2859e-008 -0.24188 0.97031 0 2.8821e-006 -27.453 -31.868 1
1 -4.9722e-007 -3.8553e-008 0 4.0298e-007 0.97031 0.24188 0 -8.286e-008 -0.24188 0.97031 0 5.1005e-006 -27.453 -31.868 1
0.99094 -0.0025396 -0.1343 0 5.9308e-006 0.99982 -0.018863 0 0.13432 0.018691 0.99076 0 -0.53974 -33.893 15.708 1
1 -3.6555e-007 -4.8747e-008 0 2.7768e-007 0.9703 0.24189 0 -4.1122e-008 -0.24189 0.9703 0 2.517e-005 -27.695 -31.872 1
1 -4.8163e-007 -4.9244e-008 0 3.9044e-007 0.9703 0.24189 0 -6.8719e-008 -0.24189 0.9703 0 8.9676e-006 -27.695 -31.872 1
