225
4
1 5.5557e-008 -4.1809e-008 0 -4.379e-008 0.97029 0.24196 0 5.4009e-008 -0.24196 0.97029 0 5.3438e-005 -45.407 -31.353 1
1 -2.0063e-007 -4.7479e-008 0 2.0616e-007 0.97029 0.24196 0 -2.4761e-009 -0.24196 0.97029 0 1.1344e-005 -45.407 -31.353 1
1 -2.0064e-007 -4.7482e-008 0 2.0614e-007 0.97029 0.24196 0 -2.4764e-009 -0.24196 0.97029 0 1.7866e-005 -45.407 -31.353 1
1 -2.1499e-008 -3.3516e-008 0 2.087e-008 0.99983 -0.018658 0 3.3911e-008 0.018658 0.99983 0 5.2752e-005 -51.851 16.162 1
1 5.5557e-008 -4.1809e-008 0 -4.379e-008 0.97029 0.24196 0 5.4009e-008 -0.24196 0.97029 0 5.3438e-005 -45.407 -31.353 1
1 -2.0063e-007 -4.7479e-008 0 2.0616e-007 0.97029 0.24196 0 -2.4761e-009 -0.24196 0.97029 0 1.1344e-005 -45.407 -31.353 1
1 -2.0064e-007 -4.7482e-008 0 2.0614e-007 0.97029 0.24196 0 -2.4764e-009 -0.24196 0.97029 0 1.7866e-005 -45.407 -31.353 1
1 -2.1499e-008 -3.3516e-008 0 2.087e-008 0.99983 -0.018658 0 3.3911e-008 0.018658 0.99983 0 5.2752e-005 -51.851 16.162 1
1 5.5557e-008 -4.1809e-008 0 -4.379e-008 0.97029 0.24196 0 5.4009e-008 -0.24196 0.97029 0 5.3438e-005 -45.407 -31.353 1
1 -2.0063e-007 -4.7479e-008 0 2.0616e-007 0.97029 0.24196 0 -2.4761e-009 -0.24196 0.97029 0 1.1344e-005 -45.407 -31.353 1
1 -2.0064e-007 -4.7482e-008 0 2.0614e-007 0.97029 0.24196 0 -2.4764e-009 -0.24196 0.97029 0 1.7866e-005 -45.407 -31.353 1
1 -2.1499e-008 -3.3516e-008 0 2.087e-008 0.99983 -0.018658 0 3.3911e-008 0.018658 0.99983 0 5.2752e-005 -51.851 16.162 1
1 -1.783e-006 2.4011e-005 0 -4.0855e-006 0.97023 0.2422 0 -2.3728e-005 -0.2422 0.97023 0 0.00070313 -45.388 -31.367 1
1 -2.4087e-006 2.4281e-005 0 -3.5438e-006 0.97023 0.2422 0 -2.4141e-005 -0.2422 0.97023 0 0.00061392 -45.388 -31.367 1
1 -2.0363e-006 2.4011e-005 0 -3.8398e-006 0.97023 0.2422 0 -2.3789e-005 -0.2422 0.97023 0 0.00066946 -45.388 -31.367 1
1 -2.1864e-006 2.5484e-005 0 2.6582e-006 0.99983 -0.018528 0 -2.5439e-005 0.018528 0.99983 0 -0.00051336 -51.845 16.168 1
1 -5.15e-006 6.7403e-005 0 -1.1269e-005 0.97012 0.24262 0 -6.6638e-005 -0.24262 0.97012 0 0.0018575 -45.356 -31.392 1
1 -6.4175e-006 6.8152e-005 0 -1.0221e-005 0.97012 0.24262 0 -6.7673e-005 -0.24262 0.97012 0 0.0016876 -45.356 -31.392 1
1 -5.4004e-006 6.7415e-005 0 -1.1029e-005 0.97012 0.24262 0 -6.6711e-005 -0.24262 0.97012 0 0.0018265 -45.356 -31.392 1
1 -6.1727e-006 7.1289e-005 0 7.562e-006 0.99983 -0.0183 0 -7.1141e-005 0.0183 0.99983 0 -0.0015581 -51.833 16.179 1
1 -1.0657e-005 0.00013588 0 -2.2643e-005 0.96993 0.24337 0 -0.00013439 -0.24337 0.96993 0 0.0037091 -45.298 -31.436 1
1 -1.3088e-005 0.00013748 0 -2.0677e-005 0.96993 0.24337 0 -0.00013654 -0.24337 0.96993 0 0.0033889 -45.298 -31.436 1
1 -1.0889e-005 0.00013589 0 -2.2423e-005 0.96993 0.24337 0 -0.00013446 -0.24337 0.96993 0 0.0036825 -45.298 -31.436 1
1 -1.2621e-005 0.00014492 0 1.53e-005 0.99984 -0.017907 0 -0.00014465 0.017907 0.99984 0 -0.0031795 -51.813 16.2 1
1 -2.0575e-005 0.00024565 0 -4.0009e-005 0.96961 0.24466 0 -0.00024322 -0.24466 0.96961 0 0.0065986 -45.198 -31.509 1
1 -2.5015e-005 0.00024873 0 -3.6458e-005 0.96961 0.24466 0 -0.0002473 -0.24466 0.96961 0 0.0060159 -45.198 -31.509 1
1 -2.0744e-005 0.00024565 0 -3.9846e-005 0.96961 0.24466 0 -0.00024327 -0.24466 0.96961 0 0.006578 -45.198 -31.509 1
1 -2.4325e-005 0.00026413 0 2.9015e-005 0.99985 -0.017243 0 -0.00026364 0.017244 0.99985 0 -0.0059317 -51.776 16.24 1
1 -3.413e-005 0.00038613 0 -6.1949e-005 0.96918 0.24636 0 -0.00038264 -0.24636 0.96918 0 0.010277 -45.065 -31.605 1
1 -4.1239e-005 0.00039115 0 -5.6296e-005 0.96918 0.24636 0 -0.00038926 -0.24636 0.96918 0 0.0093477 -45.065 -31.605 1
1 -3.4228e-005 0.00038611 0 -6.185e-005 0.96918 0.24636 0 -0.00038265 -0.24636 0.96918 0 0.010262 -45.065 -31.605 1
1 -4.0274e-005 0.00041771 0 4.7206e-005 0.99987 -0.016378 0 -0.00041697 0.016378 0.99987 0 -0.0095345 -51.728 16.293 1
1 -5.0511e-005 0.00055528 0 -8.8919e-005 0.96865 0.24842 0 -0.00055043 -0.24842 0.96865 0 0.014782 -44.903 -31.722 1
1 -6.097e-005 0.00056268 0 -8.0624e-005 0.96865 0.24842 0 -0.00056019 -0.24842 0.96865 0 0.013416 -44.903 -31.722 1
1 -5.0593e-005 0.00055526 0 -8.8832e-005 0.96865 0.24842 0 -0.00055043 -0.24842 0.96865 0 0.014765 -44.903 -31.722 1
1 -5.9276e-005 0.0006044 0 6.8628e-005 0.99988 -0.015325 0 -0.0006034 0.015325 0.99988 0 -0.013801 -51.669 16.359 1
1 -7.1629e-005 0.00075339 0 -0.00011961 0.96802 0.25087 0 -0.00074727 -0.25087 0.96802 0 0.019964 -44.71 -31.86 1
1 -8.6139e-005 0.00076361 0 -0.00010813 0.96802 0.25087 0 -0.0007608 -0.25087 0.96802 0 0.018072 -44.71 -31.861 1
1 -7.1751e-005 0.00075337 0 -0.00011949 0.96802 0.25087 0 -0.00074728 -0.25087 0.96802 0 0.01994 -44.71 -31.86 1
1 -8.3814e-005 0.0008243 0 9.5413e-005 0.9999 -0.01408 0 -0.00082303 0.01408 0.9999 0 -0.019034 -51.599 16.437 1
1 -9.6278e-005 0.00097859 0 -0.00015506 0.96729 0.25366 0 -0.000971 -0.25366 0.96729 0 0.025925 -44.488 -32.018 1
1 -0.00011544 0.000992 0 -0.00013992 0.96729 0.25366 0 -0.00098884 -0.25366 0.96729 0 0.023431 -44.488 -32.018 1
1 -9.6439e-005 0.00097857 0 -0.0001549 0.96729 0.25366 0 -0.00097103 -0.25366 0.96729 0 0.025893 -44.488 -32.018 1
1 -0.00011217 0.0010763 0 0.00012577 0.99992 -0.012657 0 -0.0010748 0.012657 0.99992 0 -0.024986 -51.52 16.528 1
1 -0.0001256 0.0012301 0 -0.00019447 0.96646 0.25681 0 -0.0012211 -0.25681 0.96646 0 0.032567 -44.238 -32.196 1
1 -0.00015 0.0012471 0 -0.00017525 0.96646 0.25681 0 -0.0012438 -0.25681 0.96646 0 0.029398 -44.238 -32.196 1
1 -0.00012578 0.0012301 0 -0.00019429 0.96646 0.25681 0 -0.0012212 -0.25681 0.96646 0 0.032535 -44.238 -32.195 1
1 -0.00014579 0.0013598 0 0.00016086 0.99994 -0.011059 0 -0.0013581 0.01106 0.99994 0 -0.031824 -51.431 16.63 1
1 -0.00016045 0.0015074 0 -0.00023735 0.96553 0.26029 0 -0.0014972 -0.26029 0.96553 0 0.039829 -43.96 -32.392 1
1 -0.00019066 0.0015283 0 -0.00021362 0.96553 0.26029 0 -0.0015253 -0.26029 0.96553 0 0.035914 -43.96 -32.392 1
1 -0.00016063 0.0015074 0 -0.00023717 0.96553 0.26029 0 -0.0014972 -0.26029 0.96553 0 0.039798 -43.96 -32.391 1
1 -0.00018572 0.0016745 0 0.00020135 0.99996 -0.0092905 0 -0.0016727 0.0092908 0.99996 0 -0.039641 -51.333 16.742 1
1 -0.00019952 0.0018085 0 -0.00028506 0.9645 0.26407 0 -0.001797 -0.26407 0.9645 0 0.047857 -43.656 -32.605 1
1 -0.0002361 0.0018337 0 -0.00025641 0.9645 0.26407 0 -0.0018309 -0.26407 0.9645 0 0.043132 -43.655 -32.605 1
1 -0.00019969 0.0018085 0 -0.00028489 0.9645 0.26407 0 -0.001797 -0.26407 0.9645 0 0.047829 -43.656 -32.605 1
1 -0.00022998 0.0020191 0 0.00024493 0.99997 -0.0073641 0 -0.0020173 0.0073647 0.99997 0 -0.048117 -51.228 16.865 1
1 -0.0002457 0.0021335 0 -0.00033542 0.96337 0.26818 0 -0.0021213 -0.26818 0.96337 0 0.056398 -43.325 -32.836 1
1 -0.00028923 0.0021632 0 -0.00030145 0.96337 0.26818 0 -0.0021615 -0.26818 0.96337 0 0.050799 -43.324 -32.836 1
1 -0.00024586 0.0021335 0 -0.00033526 0.96337 0.26818 0 -0.0021213 -0.26818 0.96337 0 0.056376 -43.325 -32.836 1
1 -0.00028234 0.0023936 0 0.00029501 0.99999 -0.005276 0 -0.0023921 0.0052767 0.99998 0 -0.057731 -51.114 16.998 1
1 -0.0002974 0.0024807 0 -0.00039001 0.96214 0.27257 0 -0.0024678 -0.27257 0.96213 0 0.065622 -42.969 -33.083 1
1 -0.00034842 0.0025151 0 -0.00035032 0.96214 0.27257 0 -0.0025149 -0.27257 0.96213 0 0.059084 -42.968 -33.083 1
1 -0.00029756 0.0024807 0 -0.00038986 0.96214 0.27257 0 -0.0024678 -0.27257 0.96213 0 0.065604 -42.969 -33.083 1
1 -0.00034073 0.002797 0 0.00034924 0.99999 -0.0030406 0 -0.0027959 0.0030416 0.99999 0 -0.068169 -50.994 17.14 1
1 -0.00035581 0.0028491 0 -0.00044802 0.9608 0.27724 0 -0.0028361 -0.27724 0.9608 0 0.075427 -42.588 -33.345 1
1 -0.0004149 0.0028886 0 -0.00040221 0.9608 0.27724 0 -0.0028904 -0.27724 0.9608 0 0.067877 -42.588 -33.345 1
1 -0.00035599 0.0028491 0 -0.00044785 0.9608 0.27724 0 -0.0028361 -0.27724 0.9608 0 0.075402 -42.588 -33.345 1
0.99999 -0.00040676 0.0032285 0 0.0004089 1 -0.00066106 0 -0.0032283 0.00066242 0.99999 0 -0.079616 -50.867 17.291 1
0.99999 -0.00042218 0.0032381 0 -0.00050867 0.95936 0.28218 0 -0.0032257 -0.28218 0.95936 0 0.085718 -42.183 -33.623 1
0.99999 -0.00048988 0.0032829 0 -0.00045635 0.95936 0.28218 0 -0.0032877 -0.28218 0.95936 0 0.077091 -42.183 -33.623 1
0.99999 -0.0004224 0.0032381 0 -0.00050846 0.95936 0.28218 0 -0.0032258 -0.28218 0.95936 0 0.085682 -42.183 -33.623 1
0.99999 -0.00048199 0.0036878 0 0.00047518 1 0.0018596 0 -0.0036887 -0.0018578 0.99999 0 -0.092244 -50.735 17.45 1
0.99999 -0.00049487 0.003646 0 -0.00057372 0.95782 0.28736 0 -0.0036344 -0.28736 0.95781 0 0.09669 -41.756 -33.914 1
0.99999 -0.00057164 0.0036962 0 -0.00051461 0.95782 0.28736 0 -0.0037046 -0.28736 0.95781 0 0.086942 -41.755 -33.914 1
0.99999 -0.00049509 0.003646 0 -0.00057351 0.95782 0.28736 0 -0.0036345 -0.28736 0.95782 0 0.096657 -41.756 -33.914 1
0.99999 -0.00056422 0.0041737 0 0.00054541 0.99999 0.004507 0 -0.0041762 -0.0045047 0.99998 0 -0.10568 -50.597 17.616 1
0.99999 -0.00057704 0.0040724 0 -0.00064058 0.95618 0.29279 0 -0.0040629 -0.29279 0.95617 0 0.10804 -41.305 -34.219 1
0.99999 -0.00066334 0.0041282 0 -0.0005744 0.95618 0.29279 0 -0.0041415 -0.29279 0.95617 0 0.097121 -41.304 -34.219 1
0.99999 -0.0005772 0.0040724 0 -0.00064043 0.95618 0.29279 0 -0.0040629 -0.29279 0.95617 0 0.10802 -41.305 -34.219 1
0.99999 -0.00065753 0.0046858 0 0.00062352 0.99997 0.0072857 0 -0.0046905 -0.0072827 0.99996 0 -0.12049 -50.455 17.79 1
0.99999 -0.00066704 0.0045157 0 -0.00071108 0.95443 0.29845 0 -0.004509 -0.29845 0.95442 0 0.11996 -40.833 -34.536 1
0.99999 -0.00076338 0.0045772 0 -0.00063748 0.95443 0.29845 0 -0.0045965 -0.29845 0.95441 0 0.10782 -40.832 -34.536 1
0.99999 -0.00066716 0.0045157 0 -0.00071096 0.95443 0.29845 0 -0.004509 -0.29845 0.95442 0 0.11995 -40.833 -34.536 1
0.99999 -0.00075987 0.0052232 0 0.00070676 0.99995 0.010181 0 -0.0052307 -0.010177 0.99993 0 -0.13628 -50.309 17.969 1
0.99999 -0.00076587 0.0049751 0 -0.00078446 0.95257 0.30431 0 -0.0049722 -0.30431 0.95256 0 0.13237 -40.34 -34.865 1
0.99999 -0.00087278 0.0050425 0 -0.00070311 0.95257 0.30431 0 -0.0050689 -0.30431 0.95256 0 0.11895 -40.339 -34.865 1
0.99999 -0.00076601 0.0049751 0 -0.00078432 0.95257 0.30431 0 -0.0049723 -0.30431 0.95256 0 0.13235 -40.34 -34.865 1
0.99998 -0.00087256 0.0057853 0 0.00079623 0.99991 0.013191 0 -0.0057963 -0.013186 0.9999 0 -0.15323 -50.16 18.155 1
0.99998 -0.00087487 0.0054497 0 -0.00085976 0.95061 0.31038 0 -0.0054521 -0.31038 0.9506 0 0.14515 -39.826 -35.205 1
0.99998 -0.00099283 0.0055229 0 -0.00077034 0.95061 0.31038 0 -0.0055583 -0.31038 0.9506 0 0.1304 -39.825 -35.205 1
0.99998 -0.00087505 0.0054497 0 -0.00085957 0.95061 0.31038 0 -0.0054522 -0.31038 0.9506 0 0.14511 -39.826 -35.205 1
0.99998 -0.00099748 0.0063713 0 0.00089339 0.99987 0.016311 0 -0.0063867 -0.016305 0.99985 0 -0.17154 -50.008 18.346 1
0.99998 -0.00099229 0.0059379 0 -0.00093874 0.94855 0.31663 0 -0.0059465 -0.31663 0.94853 0 0.15848 -39.294 -35.555 1
0.99998 -0.0011217 0.006017 0 -0.00084104 0.94855 0.31663 0 -0.0060626 -0.31663 0.94853 0 0.14237 -39.293 -35.556 1
0.99998 -0.00099247 0.0059378 0 -0.00093855 0.94855 0.31663 0 -0.0059466 -0.31663 0.94853 0 0.15844 -39.294 -35.555 1
0.99997 -0.0011323 0.0069804 0 0.00099581 0.99981 0.019527 0 -0.0070011 -0.01952 0.99978 0 -0.19088 -49.854 18.542 1
0.99998 -0.0011211 0.0064391 0 -0.001019 0.94638 0.32305 0 -0.006456 -0.32305 0.94636 0 0.17209 -38.742 -35.915 1
0.99998 -0.0012624 0.0065242 0 -0.00091284 0.94638 0.32305 0 -0.0065822 -0.32305 0.94636 0 0.15458 -38.741 -35.916 1
0.99998 -0.0011213 0.0064391 0 -0.0010189 0.94638 0.32305 0 -0.0064561 -0.32305 0.94636 0 0.17206 -38.742 -35.915 1
0.99997 -0.0012812 0.0076119 0 0.001107 0.99974 0.022844 0 -0.0076391 -0.022835 0.99971 0 -0.21174 -49.698 18.742 1
0.99997 -0.0012597 0.0069519 0 -0.0011021 0.94411 0.32963 0 -0.0069786 -0.32963 0.94408 0 0.18614 -38.172 -36.283 1
0.99997 -0.0014132 0.0070429 0 -0.00098715 0.94411 0.32963 0 -0.0071151 -0.32963 0.94408 0 0.1672 -38.171 -36.284 1
0.99997 -0.0012598 0.0069518 0 -0.001102 0.94411 0.32963 0 -0.0069786 -0.32963 0.94408 0 0.18612 -38.172 -36.283 1
0.99996 -0.0014419 0.0082649 0 0.0012248 0.99965 0.026248 0 -0.0082998 -0.026237 0.99962 0 -0.23385 -49.541 18.946 1
0.99997 -0.0014088 0.0074752 0 -0.0011875 0.94173 0.33636 0 -0.0075135 -0.33636 0.9417 0 0.20059 -37.585 -36.66 1
0.99997 -0.001575 0.0075722 0 -0.0010637 0.94173 0.33636 0 -0.0076608 -0.33636 0.9417 0 0.18017 -37.584 -36.66 1
0.99997 -0.0014089 0.0074752 0 -0.0011875 0.94173 0.33636 0 -0.0075135 -0.33636 0.9417 0 0.20058 -37.585 -36.66 1
0.99996 -0.0016161 0.0089386 0 0.0013498 0.99956 0.029734 0 -0.0089827 -0.029721 0.99952 0 -0.25728 -49.384 19.152 1
0.99997 -0.0015698 0.0080081 0 -0.0012744 0.93925 0.34322 0 -0.0080604 -0.34322 0.93922 0 0.21531 -36.982 -37.043 1
0.99997 -0.0017489 0.0081111 0 -0.0011415 0.93925 0.34322 0 -0.0082186 -0.34322 0.93922 0 0.19339 -36.98 -37.044 1
0.99997 -0.0015697 0.0080081 0 -0.0012745 0.93925 0.34322 0 -0.0080604 -0.34322 0.93922 0 0.21532 -36.982 -37.043 1
0.99995 -0.0018053 0.0096324 0 0.0014834 0.99944 0.033301 0 -0.0096872 -0.033285 0.9994 0 -0.28222 -49.226 19.361 1
0.99996 -0.0017403 0.0085492 0 -0.001364 0.93668 0.3502 0 -0.0086173 -0.35019 0.93664 0 0.23043 -36.364 -37.433 1
0.99996 -0.0019329 0.008658 0 -0.0012217 0.93667 0.3502 0 -0.0087866 -0.35019 0.93664 0 0.20697 -36.362 -37.434 1
0.99996 -0.0017403 0.0085492 0 -0.001364 0.93668 0.3502 0 -0.0086173 -0.35019 0.93664 0 0.23043 -36.364 -37.433 1
0.99994 -0.0020068 0.010345 0 0.0016233 0.99932 0.036933 0 -0.010412 -0.036914 0.99926 0 -0.30837 -49.069 19.572 1
0.99996 -0.0019231 0.009098 0 -0.0014545 0.93399 0.35728 0 -0.0091846 -0.35728 0.93395 0 0.24576 -35.73 -37.829 1
0.99995 -0.0021296 0.0092125 0 -0.0013025 0.93399 0.35729 0 -0.0093653 -0.35728 0.93395 0 0.2207 -35.728 -37.83 1
0.99996 -0.0019232 0.009098 0 -0.0014544 0.93399 0.35728 0 -0.0091846 -0.35728 0.93395 0 0.24573 -35.73 -37.829 1
0.99994 -0.0022241 0.011077 0 0.0017722 0.99917 0.040635 0 -0.011158 -0.040613 0.99911 0 -0.33608 -48.913 19.785 1
0.99995 -0.0021166 0.0096528 0 -0.0015469 0.93122 0.36446 0 -0.0097603 -0.36446 0.93117 0 0.26137 -35.083 -38.23 1
0.99995 -0.0023373 0.0097728 0 -0.0013851 0.93122 0.36446 0 -0.0099525 -0.36446 0.93117 0 0.23471 -35.081 -38.231 1
0.99995 -0.0021168 0.0096527 0 -0.0015467 0.93122 0.36446 0 -0.0097603 -0.36446 0.93117 0 0.26133 -35.083 -38.23 1
0.99993 -0.0024559 0.011826 0 0.0019287 0.99901 0.044393 0 -0.011923 -0.044367 0.99894 0 -0.3652 -48.758 19.998 1
0.99994 -0.0023215 0.010213 0 -0.0016409 0.92835 0.37171 0 -0.010344 -0.37171 0.92829 0 0.27726 -34.423 -38.635 1
0.99994 -0.0025566 0.010338 0 -0.0014694 0.92834 0.37172 0 -0.010548 -0.37171 0.92829 0 0.24898 -34.421 -38.636 1
0.99994 -0.0023217 0.010213 0 -0.0016408 0.92835 0.37171 0 -0.010344 -0.37171 0.92829 0 0.27723 -34.423 -38.635 1
0.99992 -0.0027031 0.012592 0 0.0020932 0.99884 0.048204 0 -0.012707 -0.048174 0.99876 0 -0.39577 -48.605 20.212 1
0.99994 -0.0025384 0.010777 0 -0.0017358 0.92538 0.37904 0 -0.010935 -0.37904 0.92532 0 0.29331 -33.751 -39.044 1
0.99994 -0.0027881 0.010908 0 -0.0015544 0.92538 0.37904 0 -0.01115 -0.37904 0.92531 0 0.2634 -33.749 -39.045 1
0.99994 -0.0025385 0.010777 0 -0.0017357 0.92538 0.37904 0 -0.010935 -0.37904 0.92532 0 0.29329 -33.751 -39.043 1
0.99991 -0.0029668 0.013374 0 0.0022668 0.99864 0.052064 0 -0.01351 -0.052029 0.99855 0 -0.42795 -48.453 20.426 1
0.99993 -0.0027655 0.011343 0 -0.0018325 0.92232 0.38641 0 -0.011531 -0.38641 0.92226 0 0.30963 -33.068 -39.454 1
0.99993 -0.0030301 0.011479 0 -0.0016411 0.92232 0.38642 0 -0.011759 -0.38641 0.92225 0 0.27807 -33.067 -39.456 1
0.99993 -0.0027656 0.011343 0 -0.0018325 0.92232 0.38641 0 -0.011531 -0.38641 0.92226 0 0.30962 -33.068 -39.454 1
0.99989 -0.0032455 0.014171 0 0.0024478 0.99843 0.055959 0 -0.01433 -0.055918 0.99833 0 -0.46149 -48.304 20.639 1
0.99992 -0.0030045 0.011912 0 -0.0019299 0.91918 0.39384 0 -0.012133 -0.39383 0.9191 0 0.32608 -32.375 -39.868 1
0.99992 -0.0032842 0.012053 0 -0.0017284 0.91918 0.39384 0 -0.012373 -0.39383 0.9191 0 0.29285 -32.373 -39.869 1
0.99992 -0.0030046 0.011912 0 -0.0019299 0.91918 0.39384 0 -0.012133 -0.39383 0.9191 0 0.32608 -32.375 -39.868 1
0.99988 -0.0035413 0.014982 0 0.0026379 0.9982 0.059893 0 -0.015167 -0.059846 0.99809 0 -0.49664 -48.158 20.852 1
0.99992 -0.0032541 0.012482 0 -0.0020283 0.91595 0.40128 0 -0.012739 -0.40127 0.91587 0 0.34269 -31.673 -40.282 1
0.99991 -0.0035492 0.012628 0 -0.0018165 0.91595 0.40128 0 -0.01299 -0.40127 0.91587 0 0.30777 -31.671 -40.284 1
0.99992 -0.0032542 0.012482 0 -0.0020282 0.91595 0.40128 0 -0.012739 -0.40127 0.91587 0 0.34268 -31.673 -40.282 1
0.99987 -0.0038531 0.015807 0 0.0028362 0.99796 0.063851 0 -0.016021 -0.063798 0.99783 0 -0.53325 -48.015 21.063 1
0.99991 -0.0035142 0.013051 0 -0.0021276 0.91265 0.40874 0 -0.013347 -0.40873 0.91256 0 0.35944 -30.963 -40.697 1
0.99991 -0.0038248 0.013201 0 -0.0019055 0.91265 0.40874 0 -0.013612 -0.40873 0.91255 0 0.32284 -30.961 -40.699 1
0.99991 -0.0035142 0.013051 0 -0.0021275 0.91265 0.40874 0 -0.013348 -0.40873 0.91256 0 0.35943 -30.963 -40.697 1
0.99985 -0.0041809 0.016645 0 0.0030426 0.99769 0.067832 0 -0.016891 -0.067771 0.99756 0 -0.57132 -47.875 21.272 1
0.9999 -0.0037851 0.013619 0 -0.0022272 0.90926 0.41621 0 -0.013959 -0.4162 0.90917 0 0.37626 -30.246 -41.113 1
0.9999 -0.0041115 0.013774 0 -0.0019948 0.90926 0.41621 0 -0.014236 -0.4162 0.90916 0 0.33796 -30.243 -41.114 1
0.9999 -0.0037851 0.013619 0 -0.0022272 0.90926 0.41621 0 -0.013959 -0.4162 0.90917 0 0.37625 -30.246 -41.112 1
0.99984 -0.0045257 0.017496 0 0.0032577 0.99741 0.071831 0 -0.017776 -0.071762 0.99726 0 -0.61094 -47.738 21.478 1
0.99989 -0.0040654 0.014185 0 -0.0023276 0.90582 0.42366 0 -0.014571 -0.42365 0.90571 0 0.39317 -29.523 -41.526 1
0.99989 -0.0044077 0.014344 0 -0.0020848 0.90582 0.42367 0 -0.01486 -0.42365 0.90571 0 0.35316 -29.521 -41.528 1
0.99989 -0.0040655 0.014185 0 -0.0023275 0.90582 0.42366 0 -0.014571 -0.42365 0.90571 0 0.39315 -29.523 -41.526 1
0.99982 -0.0048863 0.018357 0 0.0034806 0.99711 0.075834 0 -0.018675 -0.075757 0.99695 0 -0.65195 -47.606 21.682 1
0.99988 -0.0043556 0.014748 0 -0.0024282 0.9023 0.43111 0 -0.015185 -0.43109 0.90218 0 0.41015 -28.795 -41.94 1
0.99988 -0.0047139 0.014911 0 -0.002175 0.9023 0.43111 0 -0.015486 -0.43109 0.90218 0 0.36841 -28.792 -41.941 1
0.99988 -0.0043558 0.014748 0 -0.002428 0.9023 0.43111 0 -0.015185 -0.43109 0.90218 0 0.41011 -28.795 -41.94 1
0.9998 -0.0052633 0.01923 0 0.0037118 0.9968 0.079847 0 -0.019588 -0.07976 0.99662 0 -0.69442 -47.477 21.883 1
0.99987 -0.0046548 0.015306 0 -0.0025288 0.89872 0.43851 0 -0.015797 -0.43849 0.8986 0 0.42711 -28.064 -42.35 1
0.99987 -0.0050293 0.015472 0 -0.0022652 0.89872 0.43851 0 -0.016111 -0.43849 0.89859 0 0.38365 -28.061 -42.352 1
0.99987 -0.0046551 0.015306 0 -0.0025286 0.89872 0.43851 0 -0.015798 -0.43849 0.8986 0 0.42707 -28.064 -42.35 1
0.99978 -0.0056565 0.020112 0 0.003951 0.99647 0.083854 0 -0.020515 -0.083756 0.99627 0 -0.73831 -47.352 22.08 1
0.99986 -0.0049626 0.01586 0 -0.0026297 0.89509 0.44587 0 -0.016409 -0.44585 0.89496 0 0.44409 -27.33 -42.758 1
0.99986 -0.0053531 0.016029 0 -0.0023557 0.89509 0.44587 0 -0.016734 -0.44585 0.89495 0 0.39894 -27.327 -42.76 1
0.99986 -0.0049628 0.01586 0 -0.0026295 0.89509 0.44587 0 -0.016409 -0.44585 0.89496 0 0.44406 -27.33 -42.758 1
0.99976 -0.0060654 0.021003 0 0.0041977 0.99612 0.087851 0 -0.021455 -0.087742 0.99591 0 -0.78354 -47.232 22.274 1
0.99985 -0.0052786 0.016407 0 -0.0027304 0.89142 0.45318 0 -0.017018 -0.45316 0.89127 0 0.46105 -26.594 -43.163 1
0.99985 -0.0056852 0.01658 0 -0.0024462 0.89141 0.45318 0 -0.017356 -0.45315 0.89126 0 0.41421 -26.591 -43.165 1
0.99985 -0.0052788 0.016407 0 -0.0027303 0.89142 0.45318 0 -0.017018 -0.45316 0.89127 0 0.46103 -26.594 -43.163 1
0.99974 -0.0064902 0.021904 0 0.0044522 0.99576 0.091837 0 -0.022407 -0.091715 0.99553 0 -0.83014 -47.116 22.463 1
0.99984 -0.0056017 0.016947 0 -0.0028306 0.8877 0.46041 0 -0.017623 -0.46039 0.88754 0 0.47792 -25.858 -43.563 1
0.99983 -0.0060243 0.017123 0 -0.0025362 0.8877 0.46042 0 -0.017973 -0.46039 0.88754 0 0.4294 -25.855 -43.565 1
0.99984 -0.0056018 0.016947 0 -0.0028305 0.8877 0.46041 0 -0.017623 -0.46039 0.88754 0 0.47791 -25.858 -43.563 1
0.99972 -0.0069301 0.022812 0 0.0047143 0.99539 0.095796 0 -0.02337 -0.095661 0.99514 0 -0.87803 -47.004 22.648 1
0.99983 -0.0059314 0.01748 0 -0.0029309 0.88395 0.46758 0 -0.018225 -0.46755 0.88378 0 0.4948 -25.123 -43.959 1
0.99982 -0.0063701 0.017658 0 -0.0026263 0.88394 0.46758 0 -0.018587 -0.46755 0.88377 0 0.4446 -25.12 -43.961 1
0.99983 -0.0059316 0.01748 0 -0.0029308 0.88395 0.46758 0 -0.018225 -0.46755 0.88378 0 0.49477 -25.123 -43.959 1
0.99969 -0.0073849 0.023727 0 0.004983 0.995 0.099734 0 -0.024345 -0.099585 0.99473 0 -0.92712 -46.897 22.829 1
0.99982 -0.006267 0.018004 0 -0.0030302 0.88017 0.47465 0 -0.018821 -0.47462 0.87999 0 0.51151 -24.39 -44.35 1
0.99981 -0.0067218 0.018184 0 -0.0027154 0.88017 0.47466 0 -0.019196 -0.47462 0.87998 0 0.45964 -24.387 -44.352 1
0.99982 -0.0062673 0.018004 0 -0.00303 0.88017 0.47465 0 -0.018822 -0.47462 0.87999 0 0.51147 -24.39 -44.35 1
0.99966 -0.0078542 0.02465 0 0.005259 0.9946 0.10364 0 -0.02533 -0.10347 0.99431 0 -0.97744 -46.794 23.004 1
0.99981 -0.0066076 0.018519 0 -0.0031289 0.87637 0.48162 0 -0.019412 -0.48159 0.87618 0 0.52809 -23.661 -44.735 1
0.9998 -0.0070783 0.018701 0 -0.0028041 0.87637 0.48163 0 -0.019798 -0.48158 0.87618 0 0.47458 -23.658 -44.737 1
0.99981 -0.0066078 0.018519 0 -0.0031287 0.87637 0.48162 0 -0.019412 -0.48159 0.87618 0 0.52806 -23.661 -44.734 1
0.99964 -0.0083371 0.025578 0 0.0055412 0.99419 0.1075 0 -0.026326 -0.10732 0.99388 0 -1.0288 -46.696 23.174 1
0.99979 -0.0069524 0.019024 0 -0.0032269 0.87256 0.48849 0 -0.019996 -0.48845 0.87236 0 0.54456 -22.937 -45.113 1
0.99979 -0.0074389 0.019207 0 -0.0028923 0.87256 0.4885 0 -0.020393 -0.48845 0.87235 0 0.48941 -22.933 -45.115 1
0.99979 -0.0069526 0.019024 0 -0.0032268 0.87256 0.48849 0 -0.019996 -0.48845 0.87236 0 0.54452 -22.937 -45.113 1
0.99961 -0.0088331 0.026513 0 0.0058292 0.99377 0.11132 0 -0.027331 -0.11112 0.99343 0 -1.0813 -46.603 23.339 1
0.99978 -0.0073007 0.019517 0 -0.0033232 0.86876 0.49523 0 -0.020571 -0.49519 0.86854 0 0.56075 -22.219 -45.484 1
0.99977 -0.0078028 0.019702 0 -0.0029789 0.86875 0.49524 0 -0.02098 -0.49518 0.86853 0 0.50401 -22.215 -45.487 1
0.99978 -0.0073009 0.019517 0 -0.0033231 0.86876 0.49523 0 -0.020571 -0.49519 0.86854 0 0.56072 -22.219 -45.484 1
0.99958 -0.0093422 0.027452 0 0.0061235 0.99334 0.11508 0 -0.028344 -0.11486 0.99298 0 -1.1347 -46.514 23.498 1
0.99977 -0.0076511 0.019999 0 -0.0034194 0.86495 0.50185 0 -0.021138 -0.5018 0.86472 0 0.57688 -21.507 -45.849 1
0.99976 -0.0081687 0.020186 0 -0.0030655 0.86495 0.50186 0 -0.021559 -0.5018 0.86472 0 0.51855 -21.503 -45.851 1
0.99977 -0.0076513 0.019999 0 -0.0034193 0.86495 0.50185 0 -0.021138 -0.5018 0.86472 0 0.57685 -21.507 -45.849 1
0.99955 -0.0098626 0.028397 0 0.0064223 0.9929 0.11879 0 -0.029367 -0.11856 0.99251 0 -1.1889 -46.43 23.652 1
0.99976 -0.0080032 0.020469 0 -0.0035136 0.86116 0.50832 0 -0.021695 -0.50827 0.86092 0 0.59269 -20.805 -46.205 1
0.99975 -0.0085359 0.020656 0 -0.0031501 0.86116 0.50833 0 -0.022127 -0.50827 0.86091 0 0.5328 -20.801 -46.207 1
0.99976 -0.0080033 0.020469 0 -0.0035134 0.86116 0.50832 0 -0.021695 -0.50827 0.86092 0 0.59265 -20.805 -46.205 1
0.99952 -0.010395 0.029346 0 0.0067263 0.99245 0.12244 0 -0.030397 -0.12218 0.99204 0 -1.244 -46.351 23.8 1
0.99975 -0.0083554 0.020926 0 -0.0036063 0.85739 0.51465 0 -0.022242 -0.51459 0.85715 0 0.60824 -20.113 -46.552 1
0.99974 -0.0089031 0.021114 0 -0.0032336 0.85739 0.51465 0 -0.022685 -0.51459 0.85714 0 0.54683 -20.108 -46.555 1
0.99975 -0.0083555 0.020926 0 -0.0036062 0.85739 0.51465 0 -0.022242 -0.51459 0.85715 0 0.60821 -20.113 -46.552 1
0.99948 -0.010936 0.030299 0 0.0070343 0.992 0.12601 0 -0.031435 -0.12573 0.99157 0 -1.2997 -46.276 23.941 1
0.99973 -0.0087068 0.021369 0 -0.0036979 0.85366 0.52082 0 -0.022777 -0.52076 0.8534 0 0.62357 -19.432 -46.891 1
0.99972 -0.0092692 0.021558 0 -0.0033162 0.85366 0.52082 0 -0.023231 -0.52075 0.85339 0 0.56066 -19.427 -46.893 1
0.99973 -0.0087069 0.021369 0 -0.0036978 0.85366 0.52082 0 -0.022777 -0.52076 0.8534 0 0.62355 -19.432 -46.891 1
0.99945 -0.011487 0.031257 0 0.0073454 0.99155 0.12952 0 -0.03248 -0.12921 0.99108 0 -1.356 -46.205 24.077 1
0.99972 -0.0090567 0.021798 0 -0.0037866 0.84997 0.52681 0 -0.023299 -0.52675 0.8497 0 0.63845 -18.764 -47.219 1
0.99971 -0.0096335 0.021987 0 -0.003396 0.84997 0.52682 0 -0.023764 -0.52674 0.84969 0 0.57409 -18.759 -47.222 1
0.99972 -0.0090568 0.021798 0 -0.0037864 0.84997 0.52681 0 -0.023299 -0.52674 0.8497 0 0.63844 -18.764 -47.219 1
0.99941 -0.012046 0.032217 0 0.0076607 0.9911 0.13293 0 -0.033531 -0.13261 0.9906 0 -1.4128 -46.138 24.207 1
0.99971 -0.0094031 0.022213 0 -0.0038746 0.84634 0.53264 0 -0.023808 -0.53257 0.84605 0 0.65316 -18.11 -47.539 1
0.9997 -0.0099941 0.022403 0 -0.0034753 0.84633 0.53264 0 -0.024283 -0.53256 0.84604 0 0.58738 -18.105 -47.542 1
0.99971 -0.0094032 0.022213 0 -0.0038745 0.84634 0.53264 0 -0.023808 -0.53257 0.84605 0 0.65314 -18.11 -47.539 1
0.99937 -0.012612 0.033181 0 0.0079771 0.99064 0.13627 0 -0.034589 -0.13592 0.99012 0 -1.4698 -46.076 24.33 1
0.9997 -0.0097459 0.022613 0 -0.0039596 0.84276 0.53827 0 -0.024303 -0.5382 0.84247 0 0.6674 -17.471 -47.847 1
0.99969 -0.010351 0.022802 0 -0.0035519 0.84276 0.53828 0 -0.024788 -0.53819 0.84246 0 0.60023 -17.467 -47.85 1
0.9997 -0.009746 0.022613 0 -0.0039595 0.84276 0.53827 0 -0.024303 -0.5382 0.84247 0 0.66737 -17.472 -47.847 1
0.99933 -0.013184 0.034148 0 0.008296 0.99019 0.13951 0 -0.035653 -0.13913 0.98963 0 -1.5271 -46.017 24.447 1
0.99968 -0.010083 0.022997 0 -0.0040424 0.83926 0.54371 0 -0.024783 -0.54363 0.83896 0 0.68125 -16.85 -48.145 1
0.99967 -0.010701 0.023186 0 -0.0036267 0.83926 0.54372 0 -0.025277 -0.54363 0.83895 0 0.61275 -16.845 -48.148 1
0.99968 -0.010083 0.022997 0 -0.0040423 0.83926 0.54371 0 -0.024783 -0.54363 0.83896 0 0.68123 -16.85 -48.145 1
0.99929 -0.01376 0.035119 0 0.0086158 0.98974 0.14265 0 -0.036721 -0.14224 0.98915 0 -1.5845 -45.963 24.557 1
0.99967 -0.010414 0.023365 0 -0.0041235 0.83584 0.54895 0 -0.025247 -0.54887 0.83553 0 0.69477 -16.247 -48.432 1
0.99966 -0.011045 0.023554 0 -0.0036999 0.83584 0.54896 0 -0.02575 -0.54886 0.83551 0 0.62497 -16.242 -48.435 1
0.99967 -0.010414 0.023365 0 -0.0041234 0.83584 0.54895 0 -0.025247 -0.54887 0.83553 0 0.69475 -16.247 -48.432 1
0.99925 -0.01434 0.036093 0 0.0089351 0.98929 0.14568 0 -0.037795 -0.14525 0.98867 0 -1.6417 -45.912 24.662 1
0.99966 -0.010737 0.023716 0 -0.0042006 0.83252 0.55398 0 -0.025693 -0.55389 0.83219 0 0.70766 -15.665 -48.706 1
0.99965 -0.011381 0.023904 0 -0.0037694 0.83252 0.55399 0 -0.026205 -0.55388 0.83218 0 0.63662 -15.659 -48.709 1
0.99966 -0.010737 0.023716 0 -0.0042005 0.83252 0.55397 0 -0.025693 -0.55389 0.8322 0 0.70765 -15.665 -48.706 1
0.9992 -0.014923 0.037068 0 0.0092552 0.98885 0.1486 0 -0.038873 -0.14814 0.9882 0 -1.6988 -45.865 24.76 1
0.99965 -0.011051 0.024052 0 -0.0042764 0.8293 0.55879 0 -0.026121 -0.55869 0.82896 0 0.72027 -15.103 -48.969 1
0.99964 -0.011707 0.024239 0 -0.0038378 0.8293 0.5588 0 -0.026643 -0.55869 0.82895 0 0.64802 -15.097 -48.972 1
0.99965 -0.011051 0.024052 0 -0.0042762 0.8293 0.55879 0 -0.026121 -0.55869 0.82896 0 0.72025 -15.103 -48.969 1
0.99916 -0.015505 0.038048 0 0.0095725 0.98842 0.15141 0 -0.039955 -0.15092 0.98774 0 -1.7555 -45.822 24.852 1
0.99964 -0.011355 0.024369 0 -0.0043483 0.8262 0.56336 0 -0.026531 -0.56327 0.82585 0 0.73226 -14.564 -49.219 1
0.99963 -0.012022 0.024555 0 -0.0039028 0.82619 0.56338 0 -0.027061 -0.56326 0.82584 0 0.65886 -14.559 -49.222 1
0.99964 -0.011356 0.024369 0 -0.0043481 0.8262 0.56336 0 -0.026531 -0.56327 0.82585 0 0.73224 -14.564 -49.219 1
0.99911 -0.016087 0.039031 0 0.0098883 0.98801 0.1541 0 -0.041041 -0.15357 0.98728 0 -1.8116 -45.782 24.937 1
0.99963 -0.011648 0.024668 0 -0.0044171 0.82322 0.56771 0 -0.02692 -0.5676 0.82286 0 0.74371 -14.05 -49.456 1
0.99961 -0.012326 0.024854 0 -0.003965 0.82321 0.56772 0 -0.027458 -0.5676 0.82285 0 0.66923 -14.044 -49.459 1
0.99963 -0.011648 0.024668 0 -0.004417 0.82322 0.56771 0 -0.02692 -0.5676 0.82286 0 0.74371 -14.05 -49.456 1
0.99906 -0.016667 0.040016 0 0.010201 0.9876 0.15665 0 -0.042131 -0.1561 0.98684 0 -1.8671 -45.745 25.017 1
0.99962 -0.011928 0.024951 0 -0.0044833 0.82037 0.57181 0 -0.02729 -0.5717 0.82001 0 0.7547 -13.561 -49.68 1
0.9996 -0.012616 0.025136 0 -0.0040251 0.82037 0.57182 0 -0.027835 -0.5717 0.81999 0 0.67921 -13.555 -49.683 1
0.99962 -0.011928 0.024951 0 -0.0044834 0.82037 0.57181 0 -0.02729 -0.5717 0.82001 0 0.75472 -13.561 -49.68 1
0.99901 -0.017242 0.041005 0 0.010509 0.98721 0.15908 0 -0.043224 -0.15849 0.98641 0 -1.9216 -45.712 25.09 1
0.99961 -0.012194 0.025214 0 -0.0045449 0.81768 0.57565 0 -0.027636 -0.57554 0.8173 0 0.76495 -13.099 -49.89 1
0.99959 -0.012892 0.025398 0 -0.0040807 0.81767 0.57566 0 -0.028189 -0.57553 0.81729 0 0.68848 -13.094 -49.893 1
0.99961 -0.012194 0.025214 0 -0.0045449 0.81768 0.57565 0 -0.027636 -0.57554 0.8173 0 0.76496 -13.1 -49.89 1
0.99896 -0.017813 0.041997 0 0.010813 0.98684 0.16135 0 -0.044318 -0.16073 0.986 0 -1.9752 -45.681 25.157 1
0.9996 -0.012445 0.025459 0 -0.0046044 0.81514 0.57925 0 -0.027961 -0.57913 0.81475 0 0.77478 -12.666 -50.086 1
0.99958 -0.013152 0.025642 0 -0.0041346 0.81513 0.57926 0 -0.02852 -0.57912 0.81474 0 0.69739 -12.66 -50.089 1
0.9996 -0.012445 0.025459 0 -0.0046043 0.81514 0.57925 0 -0.027962 -0.57913 0.81476 0 0.77477 -12.666 -50.086 1
0.99891 -0.018375 0.042993 0 0.01111 0.98648 0.16349 0 -0.045416 -0.16284 0.98561 0 -2.0274 -45.653 25.218 1
0.99959 -0.01268 0.025685 0 -0.0046593 0.81277 0.58257 0 -0.028263 -0.58245 0.81238 0 0.78387 -12.263 -50.268 1
0.99958 -0.013395 0.025867 0 -0.0041844 0.81276 0.58258 0 -0.028828 -0.58244 0.81236 0 0.70562 -12.257 -50.271 1
0.99959 -0.01268 0.025685 0 -0.0046592 0.81277 0.58256 0 -0.028263 -0.58245 0.81238 0 0.78384 -12.263 -50.268 1
0.99885 -0.018929 0.043993 0 0.0114 0.98615 0.16547 0 -0.046516 -0.16478 0.98523 0 -2.0782 -45.628 25.273 1
0.99958 -0.012897 0.025891 0 -0.0047103 0.81058 0.58561 0 -0.028539 -0.58549 0.81018 0 0.79228 -11.892 -50.434 1
0.99957 -0.01362 0.026073 0 -0.0042305 0.81057 0.58562 0 -0.02911 -0.58548 0.81017 0 0.71325 -11.886 -50.437 1
0.99958 -0.012897 0.025891 0 -0.0047101 0.81058 0.58561 0 -0.028539 -0.58549 0.81018 0 0.79224 -11.892 -50.434 1
0.9988 -0.019472 0.044997 0 0.011683 0.98584 0.1673 0 -0.047617 -0.16657 0.98488 0 -2.1274 -45.605 25.322 1
0.99957 -0.013095 0.026079 0 -0.0047579 0.80857 0.58837 0 -0.028791 -0.58825 0.80817 0 0.80009 -11.553 -50.586 1
0.99956 -0.013825 0.026259 0 -0.0042739 0.80857 0.58839 0 -0.029367 -0.58824 0.80815 0 0.72036 -11.547 -50.589 1
0.99957 -0.013095 0.026078 0 -0.0047577 0.80857 0.58837 0 -0.028791 -0.58825 0.80817 0 0.80006 -11.553 -50.586 1
0.99874 -0.020002 0.046006 0 0.011955 0.98555 0.16896 0 -0.048721 -0.1682 0.98455 0 -2.1747 -45.585 25.365 1
0.99957 -0.013273 0.026245 0 -0.0047999 0.80678 0.59084 0 -0.029016 -0.59071 0.80636 0 0.80702 -11.25 -50.721 1
0.99955 -0.01401 0.026424 0 -0.0043121 0.80677 0.59085 0 -0.029596 -0.5907 0.80635 0 0.72665 -11.244 -50.724 1
0.99957 -0.013273 0.026245 0 -0.0047997 0.80678 0.59084 0 -0.029016 -0.59071 0.80636 0 0.80699 -11.25 -50.721 1
0.99868 -0.020518 0.047019 0 0.012218 0.98529 0.17045 0 -0.049824 -0.16965 0.98424 0 -2.2199 -45.567 25.402 1
0.99956 -0.01343 0.026391 0 -0.0048386 0.80518 0.59301 0 -0.029214 -0.59288 0.80476 0 0.81332 -10.981 -50.84 1
0.99955 -0.014173 0.02657 0 -0.0043474 0.80517 0.59302 0 -0.029798 -0.59287 0.80475 0 0.7324 -10.975 -50.844 1
0.99956 -0.013431 0.026391 0 -0.0048385 0.80518 0.59301 0 -0.029214 -0.59288 0.80476 0 0.8133 -10.981 -50.84 1
0.99862 -0.021016 0.048037 0 0.012468 0.98506 0.17177 0 -0.050929 -0.17093 0.98397 0 -2.2629 -45.551 25.434 1
0.99956 -0.013565 0.026517 0 -0.0048723 0.8038 0.59487 0 -0.029384 -0.59474 0.80338 0 0.8188 -10.751 -50.943 1
0.99954 -0.014312 0.026695 0 -0.0043782 0.8038 0.59488 0 -0.029972 -0.59473 0.80337 0 0.7374 -10.744 -50.947 1
0.99956 -0.013565 0.026517 0 -0.0048721 0.80381 0.59487 0 -0.029384 -0.59474 0.80338 0 0.81877 -10.751 -50.943 1
0.99856 -0.021496 0.049061 0 0.012706 0.98486 0.1729 0 -0.052035 -0.17203 0.98372 0 -2.3033 -45.538 25.459 1
0.99955 -0.013677 0.026621 0 -0.0049012 0.80266 0.59642 0 -0.029525 -0.59628 0.80223 0 0.82346 -10.558 -51.029 1
0.99954 -0.014428 0.026799 0 -0.0044046 0.80265 0.59643 0 -0.030115 -0.59627 0.80222 0 0.74166 -10.552 -51.033 1
0.99955 -0.013677 0.026621 0 -0.004901 0.80266 0.59642 0 -0.029525 -0.59628 0.80223 0 0.82343 -10.558 -51.029 1
0.9985 -0.021955 0.050091 0 0.01293 0.98469 0.17385 0 -0.05314 -0.17294 0.9835 0 -2.341 -45.526 25.479 1
0.99955 -0.013765 0.026704 0 -0.0049259 0.80175 0.59764 0 -0.029636 -0.5975 0.80132 0 0.82738 -10.406 -51.098 1
0.99953 -0.014519 0.026881 0 -0.0044273 0.80174 0.59765 0 -0.030229 -0.59749 0.8013 0 0.74525 -10.399 -51.102 1
0.99955 -0.013765 0.026704 0 -0.0049255 0.80175 0.59764 0 -0.029636 -0.5975 0.80132 0 0.82733 -10.406 -51.098 1
0.99844 -0.022391 0.051127 0 0.013139 0.98455 0.1746 0 -0.054246 -0.17366 0.98331 0 -2.3757 -45.517 25.493 1
0.99955 -0.013826 0.026764 0 -0.0049446 0.8011 0.59851 0 -0.029716 -0.59837 0.80067 0 0.83034 -10.296 -51.148 1
0.99953 -0.014582 0.026941 0 -0.0044447 0.8011 0.59852 0 -0.03031 -0.59836 0.80066 0 0.74799 -10.289 -51.151 1
0.99955 -0.013826 0.026764 0 -0.0049443 0.8011 0.5985 0 -0.029716 -0.59837 0.80067 0 0.83029 -10.296 -51.148 1
0.99838 -0.0228 0.052166 0 0.01333 0.98445 0.17515 0 -0.055348 -0.17417 0.98316 0 -2.407 -45.509 25.5 1
0.99954 -0.01386 0.026802 0 -0.0049585 0.80074 0.59899 0 -0.029764 -0.59885 0.8003 0 0.83246 -10.229 -51.178 1
0.99953 -0.014618 0.026979 0 -0.004458 0.80073 0.59901 0 -0.030359 -0.59884 0.80029 0 0.75 -10.222 -51.181 1
0.99954 -0.01386 0.026802 0 -0.0049583 0.80074 0.59899 0 -0.029764 -0.59885 0.80031 0 0.83242 -10.229 -51.178 1
0.99831 -0.023177 0.053207 0 0.013502 0.98439 0.17546 0 -0.056443 -0.17445 0.98305 0 -2.4347 -45.499 25.5 1
0.99954 -0.013871 0.026816 0 -0.0049675 0.80054 0.59926 0 -0.02978 -0.59912 0.80011 0 0.83372 -10.202 -51.195 1
0.99953 -0.01463 0.026993 0 -0.0044666 0.80054 0.59927 0 -0.030376 -0.59911 0.80009 0 0.7512 -10.196 -51.198 1
0.99954 -0.013872 0.026816 0 -0.0049673 0.80054 0.59926 0 -0.02978 -0.59912 0.80011 0 0.8337 -10.202 -51.195 1
0.99825 -0.023537 0.054274 0 0.013659 0.98436 0.17564 0 -0.05756 -0.17459 0.98296 0 -2.4594 -45.502 25.498 1
0.99954 -0.013861 0.026804 0 -0.0049711 0.8005 0.59931 0 -0.029764 -0.59917 0.80007 0 0.83407 -10.216 -51.201 1
0.99953 -0.014619 0.026981 0 -0.0044701 0.80049 0.59933 0 -0.03036 -0.59916 0.80005 0 0.75153 -10.209 -51.204 1
0.99954 -0.013861 0.026804 0 -0.004971 0.8005 0.59931 0 -0.029764 -0.59917 0.80007 0 0.83406 -10.216 -51.201 1
0.99818 -0.02388 0.055376 0 0.013802 0.98435 0.17569 0 -0.058705 -0.17461 0.98289 0 -2.4811 -45.522 25.493 1
0.99955 -0.013829 0.026767 0 -0.00497 0.80058 0.5992 0 -0.029716 -0.59906 0.80015 0 0.83359 -10.268 -51.197 1
0.99953 -0.014587 0.026943 0 -0.0044689 0.80057 0.59922 0 -0.030311 -0.59906 0.80013 0 0.75105 -10.262 -51.2 1
0.99955 -0.013829 0.026767 0 -0.0049699 0.80058 0.5992 0 -0.029716 -0.59906 0.80015 0 0.83358 -10.268 -51.197 1
0.99811 -0.02421 0.056514 0 0.013931 0.98436 0.17564 0 -0.059883 -0.17452 0.98283 0 -2.5 -45.56 25.487 1
0.99955 -0.013783 0.026704 0 -0.0049647 0.80066 0.59909 0 -0.029638 -0.59895 0.80023 0 0.83237 -10.352 -51.191 1
0.99953 -0.014541 0.02688 0 -0.0044634 0.80066 0.5991 0 -0.030234 -0.59894 0.80022 0 0.74979 -10.346 -51.195 1
0.99955 -0.013783 0.026704 0 -0.0049646 0.80067 0.59909 0 -0.029638 -0.59895 0.80024 0 0.83236 -10.352 -51.191 1
0.99803 -0.024541 0.057714 0 0.014052 0.98437 0.17558 0 -0.061121 -0.17442 0.98277 0 -2.5171 -45.631 25.484 1
0.99955 -0.013722 0.026615 0 -0.004955 0.80077 0.59895 0 -0.029531 -0.59882 0.80034 0 0.83039 -10.47 -51.184 1
0.99954 -0.01448 0.02679 0 -0.0044534 0.80076 0.59897 0 -0.030126 -0.59881 0.80033 0 0.74775 -10.463 -51.187 1
0.99955 -0.013722 0.026615 0 -0.0049549 0.80077 0.59895 0 -0.029531 -0.59882 0.80034 0 0.83037 -10.47 -51.183 1
0.99795 -0.024873 0.058972 0 0.014164 0.98438 0.17549 0 -0.062416 -0.17429 0.98271 0 -2.5323 -45.732 25.484 1
0.99956 -0.013646 0.026501 0 -0.0049413 0.8009 0.59878 0 -0.029396 -0.59864 0.80048 0 0.82769 -10.619 -51.172 1
0.99954 -0.014404 0.026677 0 -0.0044392 0.80089 0.59879 0 -0.02999 -0.59863 0.80046 0 0.74497 -10.612 -51.176 1
0.99956 -0.013646 0.026501 0 -0.0049412 0.8009 0.59877 0 -0.029396 -0.59864 0.80048 0 0.82766 -10.619 -51.172 1
0.99786 -0.025202 0.060281 0 0.014268 0.9844 0.17537 0 -0.06376 -0.17413 0.98266 0 -2.5455 -45.86 25.485 1
0.99956 -0.013555 0.026364 0 -0.0049237 0.80106 0.59856 0 -0.029233 -0.59843 0.80064 0 0.82429 -10.798 -51.158 1
0.99955 -0.014314 0.026539 0 -0.004421 0.80106 0.59857 0 -0.029827 -0.59842 0.80063 0 0.74146 -10.792 -51.161 1
0.99956 -0.013556 0.026364 0 -0.0049234 0.80106 0.59856 0 -0.029233 -0.59843 0.80065 0 0.82424 -10.798 -51.158 1
0.99777 -0.025529 0.061639 0 0.014363 0.98443 0.17522 0 -0.065153 -0.17394 0.9826 0 -2.5568 -46.015 25.489 1
0.99957 -0.013451 0.026203 0 -0.0049021 0.80125 0.5983 0 -0.029043 -0.59817 0.80084 0 0.82019 -11.009 -51.14 1
0.99955 -0.014209 0.026377 0 -0.0043987 0.80125 0.59832 0 -0.029636 -0.59816 0.80082 0 0.73724 -11.003 -51.144 1
0.99957 -0.013451 0.026203 0 -0.0049017 0.80125 0.5983 0 -0.029043 -0.59817 0.80084 0 0.82013 -11.009 -51.14 1
0.99768 -0.025853 0.063047 0 0.014449 0.98446 0.17504 0 -0.066593 -0.17372 0.98254 0 -2.5661 -46.196 25.494 1
0.99957 -0.013333 0.02602 0 -0.0048768 0.80147 0.59802 0 -0.028828 -0.59789 0.80106 0 0.81544 -11.248 -51.12 1
0.99956 -0.014092 0.026194 0 -0.0043727 0.80146 0.59803 0 -0.029421 -0.59788 0.80105 0 0.73237 -11.241 -51.123 1
0.99957 -0.013333 0.02602 0 -0.0048764 0.80147 0.59801 0 -0.028828 -0.59789 0.80106 0 0.81537 -11.248 -51.12 1
0.99757 -0.026174 0.0645 0 0.014527 0.98449 0.17483 0 -0.068075 -0.17347 0.98248 0 -2.5736 -46.402 25.501 1
0.99958 -0.013202 0.025816 0 -0.0048477 0.80171 0.59769 0 -0.028587 -0.59756 0.80131 0 0.81002 -11.515 -51.097 1
0.99956 -0.01396 0.025988 0 -0.004343 0.80171 0.5977 0 -0.029179 -0.59756 0.8013 0 0.72684 -11.509 -51.1 1
0.99958 -0.013202 0.025815 0 -0.0048474 0.80171 0.59769 0 -0.028587 -0.59756 0.80131 0 0.80997 -11.515 -51.097 1
0.99747 -0.026491 0.065998 0 0.014596 0.98453 0.17459 0 -0.069602 -0.17319 0.98243 0 -2.5792 -46.632 25.509 1
0.99959 -0.013058 0.02559 0 -0.0048152 0.80198 0.59733 0 -0.028323 -0.59721 0.80158 0 0.80399 -11.809 -51.071 1
0.99957 -0.013817 0.025762 0 -0.0043097 0.80197 0.59734 0 -0.028914 -0.5972 0.80157 0 0.72068 -11.803 -51.074 1
0.99959 -0.013059 0.02559 0 -0.0048149 0.80198 0.59733 0 -0.028323 -0.59721 0.80159 0 0.80395 -11.809 -51.071 1
0.99736 -0.026805 0.067538 0 0.014656 0.98458 0.17433 0 -0.071169 -0.17288 0.98237 0 -2.583 -46.886 25.519 1
0.99959 -0.012903 0.025344 0 -0.0047793 0.80227 0.59694 0 -0.028035 -0.59682 0.80188 0 0.79737 -12.129 -51.042 1
0.99958 -0.013661 0.025515 0 -0.004273 0.80226 0.59695 0 -0.028625 -0.59681 0.80187 0 0.71391 -12.123 -51.045 1
0.9996 -0.012903 0.025344 0 -0.0047791 0.80227 0.59694 0 -0.028035 -0.59682 0.80188 0 0.79734 -12.129 -51.042 1
0.99724 -0.027114 0.069117 0 0.014709 0.98463 0.17404 0 -0.072774 -0.17255 0.98231 0 -2.5851 -47.162 25.53 1
0.9996 -0.012735 0.025078 0 -0.0047401 0.80258 0.59652 0 -0.027724 -0.5964 0.80221 0 0.79017 -12.475 -51.011 1
0.99959 -0.013494 0.025248 0 -0.0042328 0.80258 0.59653 0 -0.028313 -0.59639 0.80219 0 0.70653 -12.469 -51.014 1
0.9996 -0.012736 0.025078 0 -0.0047398 0.80259 0.59652 0 -0.027724 -0.5964 0.80221 0 0.79013 -12.475 -51.01 1
0.99712 -0.027419 0.070736 0 0.014753 0.98468 0.17373 0 -0.074416 -0.17219 0.98225 0 -2.5854 -47.46 25.542 1
