175
26
1 -1.8073e-008 7.9516e-017 0 1.8073e-008 1 -2.6505e-017 0 -7.9516e-017 2.6505e-017 1 0 -4.7612e-006 -0.0036338 5.7448e-015 1
1 -9.2675e-008 2.4495e-011 0 9.2675e-008 1 -0.00044709 0 1.6939e-011 0.00044709 1 0 -2.8992e-005 -0.0035989 0.10307 1
1 -1.5344e-007 6.9937e-011 0 1.5344e-007 1 0.00041689 0 -1.339e-010 -0.00041689 1 0 -3.3693e-005 -0.003529 -0.010835 1
1 -1.7675e-007 2.5391e-007 0 1.7675e-007 1 -1.6229e-007 0 -2.5391e-007 -3.4836e-008 1 0 -2.4024e-005 -0.0032115 -3.1319e-006 1
1 -1.8073e-008 -1.1174e-010 0 1.8073e-008 1 -6.2056e-009 0 1.1163e-010 -2.822e-007 1 0 -1.096e-005 -0.0031465 -4.3309e-005 1
1 5.6528e-008 1.4712e-016 0 -5.6528e-008 1 -0.00039445 0 -2.2298e-011 0.00039445 1 0 2.3278e-005 -0.0036014 0.090933 1
1 -2.8228e-007 2.1923e-011 0 2.8228e-007 1 0.00036781 0 -1.2575e-010 -0.00036781 1 0 -2.6486e-005 -0.0035269 -0.0095595 1
1 -1.2284e-007 1.6367e-007 0 1.2284e-007 1 -1.3012e-007 0 -1.6369e-007 1.07e-007 1 0 1.3146e-005 -0.0035249 8.4206e-006 1
1 -1.8082e-008 -1.7404e-010 0 1.8092e-008 1 1.0147e-007 0 1.6148e-010 -2.1675e-007 1 0 5.2446e-006 -0.0034536 -4.0893e-005 1
1 2.7995e-007 5.7912e-016 0 -2.7995e-007 1 -1.9304e-016 0 -5.7911e-016 1.9304e-016 1 0 7.5162e-005 -0.0039179 4.711e-014 1
1 2.7995e-007 1.4118e-015 0 -2.7995e-007 1 -4.7059e-016 0 -1.4118e-015 4.7059e-016 1 0 8.7035e-005 -0.003938 1.1699e-013 1
1 2.2888e-008 2.5775e-015 0 -2.2888e-008 1 -8.5917e-016 0 -2.5775e-015 8.5917e-016 1 0 9.7978e-006 -0.003895 2.2663e-013 1
1 -1.8072e-008 3.7432e-015 0 1.8072e-008 1 -1.2477e-015 0 -3.7432e-015 1.2477e-015 1 0 1.4457e-005 -0.0038539 3.9815e-013 1
1 0.00037892 -0.0006124 0 -0.00037879 1 0.0002011 0 0.00061247 -0.00020087 1 0 0.13778 -0.026557 -0.036392 1
1 -1.1667e-006 3.1881e-005 0 1.1667e-006 1 3.5893e-007 0 -3.1881e-005 -3.589e-007 1 0 -0.00069484 0.018114 -0.039259 1
1 -3.8864e-008 1.4428e-012 0 3.8864e-008 1 -9.0402e-011 0 -5.2434e-012 9.036e-011 1 0 -0.00023072 0.017913 -0.033433 1
1 -1.8085e-008 3.7432e-015 0 1.8032e-008 1 -1.2477e-015 0 -3.7432e-015 1.2477e-015 1 0 2.2432e-006 -0.0038511 3.1821e-013 1
1 -0.0003888 0.00062292 0 0.00038867 1 0.00020132 0 -0.00062299 -0.00020108 1 0 -0.14133 -0.027143 -0.035843 1
1 -1.4939e-007 -3.259e-005 0 1.493e-007 1 -4.8624e-007 0 3.259e-005 4.8624e-007 1 0 0.00029438 0.018536 -0.039692 1
1 -1.8209e-008 1.094e-010 0 1.8141e-008 1 -7.5483e-011 0 -1.094e-010 7.5541e-011 1 0 0.00020368 0.018583 -0.034021 1
1 -1.8209e-008 1.094e-010 0 1.8141e-008 1 -7.5829e-011 0 -1.094e-010 7.5887e-011 1 0 0.00019304 0.018583 -0.034021 1
1 -1.8209e-008 5.1934e-011 0 1.8141e-008 1 -7.6177e-011 0 -5.1934e-011 7.6235e-011 1 0 0.00020373 0.018583 -0.034021 1
1 -1.8209e-008 4.5922e-013 0 1.8141e-008 1 -7.652e-011 0 -4.5922e-013 7.6578e-011 1 0 0.00020067 0.018583 -0.034021 1
1 -1.8209e-008 -5.5593e-011 0 1.8141e-008 1 -7.6869e-011 0 5.5593e-011 7.6926e-011 1 0 0.00019864 0.018583 -0.034021 1
1 2.7995e-007 3.7432e-015 0 -2.7995e-007 1 -1.2477e-015 0 -3.7432e-015 1.2477e-015 1 0 0.00011901 -0.0038546 3.3531e-013 1
1 -1.8073e-008 4.909e-015 0 1.8073e-008 1 -1.6363e-015 0 -4.909e-015 1.6363e-015 1 0 -4.7273e-006 -0.0038342 4.5049e-013 1
0.99999 0.0041519 -0.0016578 0 -0.0040615 0.99868 0.051252 0 0.0018684 -0.051245 0.99868 0 0.95396 -3.1119 -11.847 1
1 0.00045552 -0.0010423 0 -0.0006526 0.98026 -0.1977 0 0.00093169 0.1977 0.98026 0 0.16781 1.2445 45.526 1
1 0.00033142 0.00025303 0 -0.00035503 0.995 0.099883 0 -0.00021866 -0.099883 0.995 0 0.12855 -0.69476 6.255 1
1 0.00078345 0.0003043 0 -0.00078178 0.99998 -0.0054446 0 -0.00030857 0.0054441 0.99998 0 0.13965 -0.83763 8.991 1
1 0.00078361 0.00030407 0 -0.00078194 0.99998 -0.0054444 0 -0.00030833 0.0054439 0.99998 0 0.13966 -0.83757 8.991 1
1 0.0007503 -0.0017053 0 -0.00095705 0.9922 -0.12467 0 0.0015984 0.12467 0.9922 0 0.23856 -1.7201 28.707 1
1 0.00035183 0.00015777 0 -0.00037672 0.97871 0.20526 0 -8.2197e-005 -0.20526 0.97871 0 0.16209 0.046671 -14.733 1
1 0.0010673 0.0003174 0 -0.0010954 0.99413 0.10819 0 -0.00020006 -0.10819 0.99413 0 0.18079 -0.33274 -12.205 1
1 0.0010674 0.00031734 0 -0.0010401 0.9971 -0.076121 0 -0.00039767 0.076121 0.9971 0 0.18619 -5.5954 -11.558 1
0.99998 0.004894 -0.0045146 0 -0.0047965 0.99976 0.021345 0 0.004618 -0.021323 0.99976 0 1.1507 -3.4021 -3.8409 1
0.99982 0.013266 -0.013776 0 -0.01236 0.99788 0.06389 0 0.014594 -0.063708 0.99786 0 3.4768 -2.8239 -16.925 1
0.9995 0.021259 -0.023463 0 -0.018662 0.99421 0.10585 0 0.025578 -0.10536 0.9941 0 5.6948 -1.5309 -31.693 1
0.9995 0.021242 -0.023465 0 -0.018645 0.99421 0.10585 0 0.025578 -0.10536 0.9941 0 5.6884 -1.5305 -31.693 1
0.84464 -0.48455 -0.22759 0 0.52453 0.83407 0.17088 0 0.10703 -0.26372 0.95864 0 -182.56 87.056 -43.096 1
0.83793 -0.54213 -0.062925 0 0.52741 0.77469 0.34885 0 -0.14037 -0.3255 0.93506 0 -182.77 115.86 -128.43 1
0.83792 -0.54215 -0.062972 0 0.54571 0.83425 0.07897 0 0.0097207 -0.10054 0.99489 0 -189.42 94.2 -30.27 1
0.9995 0.021259 -0.023463 0 -0.018662 0.99421 0.10585 0 0.025578 -0.10536 0.99411 0 5.6947 -1.5309 -31.693 1
0.82355 0.5666 -0.027082 0 -0.53738 0.79458 0.28261 0 0.18165 -0.21819 0.95885 0 183.78 103.79 -96.194 1
0.80023 0.53232 -0.27618 0 -0.4077 0.82064 0.40042 0 0.4398 -0.20783 0.87372 0 133.7 90.021 -170.22 1
0.80013 0.53252 -0.27608 0 -0.53341 0.8422 0.078577 0 0.27436 0.084391 0.95792 0 179.4 82.214 -53.15 1
0.80013 0.53252 -0.27608 0 -0.5334 0.8422 0.078577 0 0.27436 0.084391 0.95792 0 179.4 82.214 -53.15 1
0.80013 0.53252 -0.27608 0 -0.5334 0.8422 0.078577 0 0.27436 0.084391 0.95792 0 179.4 82.214 -53.15 1
0.80013 0.53252 -0.27608 0 -0.5334 0.8422 0.078577 0 0.27436 0.084391 0.95792 0 179.4 82.214 -53.15 1
0.80013 0.53252 -0.27608 0 -0.5334 0.8422 0.078577 0 0.27436 0.084391 0.95792 0 179.4 82.214 -53.15 1
0.9995 0.021259 -0.023463 0 -0.018662 0.99421 0.10585 0 0.025578 -0.10536 0.9941 0 5.6948 -1.5309 -31.692 1
0.9995 0.021259 -0.023463 0 -0.018662 0.99421 0.10585 0 0.025578 -0.10536 0.9941 0 5.6947 -1.5311 -31.693 1
0.99997 0.0071447 -0.0032467 0 -0.006789 0.99508 0.098813 0 0.0039367 -0.098788 0.9951 0 1.5847 -5.4099 -22.839 1
1 -3.1467e-005 -0.0024013 0 -0.0008686 0.92748 -0.37387 0 0.0022389 0.37387 0.92748 0 0.21903 10.39 86.104 1
1 -0.00050401 5.948e-005 0 0.00048332 0.98153 0.19132 0 -0.00015481 -0.19132 0.98153 0 0.040693 3.2787 11.518 1
1 0.00036888 0.00015371 0 -0.00036725 0.99995 -0.010473 0 -0.00015756 0.010473 0.99995 0 0.062792 2.774 16.76 1
1 0.00036903 0.00015349 0 -0.00036741 0.99994 -0.010473 0 -0.00015735 0.010473 0.99994 0 0.062805 2.7741 16.76 1
0.99999 0.00059264 -0.003651 0 -0.0014487 0.97098 -0.23917 0 0.0034033 0.23917 0.97097 0 0.35436 -0.049282 55.063 1
1 -0.0008426 -0.00026733 0 0.00088028 0.92151 0.38836 0 -8.0882e-005 -0.38836 0.92151 0 0.047516 6.4299 -27.564 1
1 0.00049964 0.0001775 0 -0.00052566 0.97804 0.2084 0 -6.9475e-005 -0.2084 0.97804 0 0.084093 5.0007 -22.874 1
1 0.00049967 0.00017751 0 -0.00046851 0.98935 -0.14554 0 -0.00024835 0.14554 0.98935 0 0.08895 -5.1281 -21.79 1
0.99992 0.0086767 -0.0086877 0 -0.0083116 0.99912 0.041209 0 0.0090376 -0.041134 0.99911 0 1.9923 -6.4898 -7.4183 1
0.99932 0.025873 -0.026138 0 -0.022467 0.99214 0.12309 0 0.029117 -0.12242 0.99205 0 6.3457 -4.3445 -32.601 1
0.99812 0.042938 -0.04375 0 -0.033183 0.97855 0.20334 0 0.051543 -0.2015 0.97813 0 10.117 0.43997 -60.842 1
0.99812 0.042905 -0.043757 0 -0.03315 0.97855 0.20334 0 0.051543 -0.2015 0.97813 0 10.105 0.44047 -60.841 1
0.46898 -0.74349 -0.47675 0 0.88257 0.41509 0.22085 0 0.033694 -0.52434 0.85084 0 -291.17 252.54 -41.231 1
0.41579 -0.8913 -0.18085 0 0.80365 0.26698 0.53185 0 -0.42576 -0.36648 0.8273 0 -255.81 324.91 -191.37 1
0.41576 -0.8913 -0.18092 0 0.90839 0.41668 0.034734 0 0.044429 -0.17879 0.98288 0 -293.9 270.46 -10.569 1
0.99812 0.042938 -0.04375 0 -0.033183 0.97855 0.20334 0 0.051543 -0.2015 0.97813 0 10.117 0.44 -60.842 1
0.39969 0.91583 0.038732 0 -0.81781 0.33719 0.46635 0 0.41404 -0.21807 0.88375 0 259.56 286.06 -151.54 1
0.29356 0.85523 -0.4271 0 -0.557 0.51613 0.65066 0 0.7769 0.046891 0.62788 0 151.43 213.4 -276.88 1
0.29327 0.85547 -0.42681 0 -0.91943 0.37472 0.1193 0 0.26199 0.35743 0.89644 0 283.18 264.87 -83.583 1
0.29327 0.85547 -0.42681 0 -0.91943 0.37472 0.1193 0 0.26199 0.35743 0.89644 0 283.18 264.87 -83.583 1
0.29328 0.85547 -0.42681 0 -0.91943 0.37472 0.1193 0 0.26199 0.35743 0.89644 0 283.18 264.87 -83.583 1
0.29328 0.85547 -0.42681 0 -0.91943 0.37472 0.1193 0 0.26199 0.35743 0.89644 0 283.18 264.87 -83.583 1
0.29328 0.85547 -0.42681 0 -0.91943 0.37472 0.1193 0 0.26199 0.35743 0.89644 0 283.18 264.87 -83.583 1
0.99812 0.042938 -0.04375 0 -0.033183 0.97855 0.20334 0 0.051543 -0.2015 0.97813 0 10.117 0.43991 -60.841 1
0.99812 0.042938 -0.04375 0 -0.033183 0.97855 0.20334 0 0.051543 -0.2015 0.97813 0 10.117 0.43961 -60.842 1
0.99996 0.0082966 -0.0040263 0 -0.0077414 0.99245 0.1224 0 0.0050114 -0.12237 0.99247 0 1.8002 -6.2299 -28.289 1
0.99999 -0.00055993 -0.0031979 0 -0.00094957 0.89149 -0.45303 0 0.0031046 0.45303 0.89149 0 0.2333 17.309 104.34 1
1 -0.0012941 -0.0002048 0 0.001306 0.9721 0.23455 0 -0.00010444 -0.23455 0.9721 0 -0.064221 6.704 13.603 1
1 -0.00021444 -9.1259e-005 0 0.00021329 0.99992 -0.012457 0 9.3923e-005 0.012457 0.99992 0 -0.035853 5.9488 20.02 1
1 -0.00021428 -9.1491e-005 0 0.00021313 0.99992 -0.012457 0 9.4153e-005 0.012457 0.99992 0 -0.035841 5.9488 20.019 1
0.99999 0.0002123 -0.0047181 0 -0.0016114 0.95438 -0.29858 0 0.0044395 0.29858 0.95437 0 0.38797 2.3031 68.739 1
1 -0.0019157 -0.00074754 0 0.0020408 0.8798 0.47533 0 -0.00025292 -0.47533 0.8798 0 -0.093239 12.072 -33.17 1
1 -0.00028999 -0.0001117 0 0.00030913 0.96501 0.26221 0 3.1747e-005 -0.26221 0.96501 0 -0.048139 9.9064 -27.612 1
1 -0.00028994 -0.0001117 0 0.00026637 0.98506 -0.17223 0 0.00015997 0.17223 0.98506 0 -0.051633 -2.5505 -26.458 1
0.99989 0.010216 -0.010671 0 -0.0096556 0.99864 0.051272 0 0.01118 -0.051163 0.99863 0 2.3126 -7.8866 -9.2472 1
0.99898 0.031944 -0.031824 0 -0.026754 0.98803 0.15193 0 0.036297 -0.15093 0.98788 0 7.5709 -4.6237 -40.205 1
0.99715 0.053836 -0.052749 0 -0.039001 0.96744 0.25009 0 0.064495 -0.24732 0.96678 0 11.881 2.6238 -74.751 1
0.99716 0.053796 -0.052759 0 -0.03896 0.96744 0.25009 0 0.064495 -0.24732 0.96678 0 11.866 2.6242 -74.75 1
0.24454 -0.77489 -0.58287 0 0.96739 0.15409 0.20101 0 -0.065942 -0.61302 0.78731 0 -308.97 348.14 -25.093 1
0.14792 -0.96232 -0.22816 0 0.82111 -0.0090925 0.5707 0 -0.55127 -0.27176 0.78882 0 -243.67 430.95 -203.94 1
0.14788 -0.96231 -0.22824 0 0.98659 0.15966 -0.033925 0 0.069088 -0.22016 0.97301 0 -303.84 369.57 15.962 1
0.99716 0.053836 -0.052749 0 -0.039001 0.96744 0.25009 0 0.064495 -0.24732 0.96678 0 11.881 2.6238 -74.751 1
0.14415 0.98569 0.087328 0 -0.85581 0.079877 0.51108 0 0.4968 -0.14841 0.85508 0 257.76 381.32 -161.26 1
-0.00014003 0.88056 -0.47393 0 -0.57524 0.3876 0.72032 0 0.81798 0.27273 0.50648 0 137.66 256.25 -307.61 1
-0.00050947 0.88077 -0.47353 0 -0.9914 0.06152 0.11549 0 0.13086 0.46952 0.87317 0 288.94 374.88 -87.574 1
-0.00050783 0.88077 -0.47353 0 -0.9914 0.061522 0.11549 0 0.13086 0.46952 0.87317 0 288.94 374.88 -87.574 1
-0.00050756 0.88077 -0.47353 0 -0.9914 0.061522 0.11549 0 0.13086 0.46952 0.87317 0 288.94 374.88 -87.574 1
-0.0005069 0.88077 -0.47353 0 -0.9914 0.061523 0.11549 0 0.13086 0.46952 0.87317 0 288.94 374.88 -87.573 1
-0.00050705 0.88077 -0.47353 0 -0.9914 0.061523 0.11549 0 0.13086 0.46952 0.87317 0 288.94 374.88 -87.573 1
0.99715 0.053836 -0.052749 0 -0.039002 0.96744 0.25009 0 0.064495 -0.24732 0.96678 0 11.882 2.6237 -74.75 1
0.99715 0.053836 -0.052749 0 -0.039001 0.96743 0.25009 0 0.064495 -0.24732 0.96678 0 11.881 2.6234 -74.751 1
0.99996 0.0082376 -0.0039305 0 -0.0076954 0.99247 0.12225 0 0.004908 -0.12222 0.99249 0 1.79 -5.9995 -28.253 1
0.99999 -0.00048742 -0.0031175 0 -0.00094809 0.89593 -0.4442 0 0.0030095 0.4442 0.89592 0 0.23339 16.518 102.31 1
1 -0.0012328 -0.00018007 0 0.001241 0.973 0.2308 0 -0.00010931 -0.2308 0.973 0 -0.05535 6.3795 13.23 1
1 -0.00016106 -6.7534e-005 0 0.00016028 0.99994 -0.011341 0 6.9355e-005 0.011341 0.99994 0 -0.027285 5.6475 19.52 1
1 -0.00016088 -6.7821e-005 0 0.0001601 0.99994 -0.011341 0 6.964e-005 0.011341 0.99994 0 -0.027272 5.6476 19.52 1
0.99999 0.00021243 -0.0046165 0 -0.0016108 0.95232 -0.30509 0 0.0043315 0.3051 0.95231 0 0.38822 3.0151 70.242 1
1 -0.0018273 -0.00072287 0 0.001951 0.8792 0.47645 0 -0.00023507 -0.47645 0.8792 0 -0.081081 12.594 -32.675 1
1 -0.00021951 -8.4669e-005 0 0.00023424 0.96259 0.27097 0 2.2021e-005 -0.27097 0.96259 0 -0.036365 10.475 -27.316 1
1 -0.00021936 -8.479e-005 0 0.00020336 0.98763 -0.15677 0 0.00011813 0.15677 0.98763 0 -0.03899 -1.8105 -26.331 1
0.99989 0.010072 -0.010451 0 -0.0095201 0.99862 0.0516 0 0.010956 -0.051495 0.99861 0 2.2784 -7.6469 -9.3399 1
0.99902 0.031311 -0.031187 0 -0.026268 0.98823 0.15073 0 0.03554 -0.14976 0.98808 0 7.429 -4.4496 -39.826 1
0.99727 0.052686 -0.051734 0 -0.038312 0.96815 0.24743 0 0.063122 -0.24478 0.96752 0 11.668 2.6171 -73.86 1
0.99727 0.052647 -0.051744 0 -0.038272 0.96815 0.24743 0 0.063122 -0.24478 0.96752 0 11.653 2.6176 -73.859 1
0.2668 -0.77413 -0.57406 0 0.96138 0.17201 0.21485 0 -0.067576 -0.60921 0.79012 0 -308.07 341.76 -30.672 1
0.16953 -0.95994 -0.22308 0 0.81599 0.0097916 0.57798 0 -0.55264 -0.28002 0.78497 0 -243.02 424.02 -206.66 1
0.16949 -0.95993 -0.22316 0 0.98387 0.17794 -0.018138 0 0.057119 -0.21649 0.97461 0 -304.07 362.86 10.144 1
0.99727 0.052686 -0.051734 0 -0.038312 0.96815 0.24743 0 0.063122 -0.24478 0.96752 0 11.668 2.6172 -73.86 1
0.16267 0.98208 0.095129 0 -0.85763 0.093062 0.50578 0 0.48787 -0.16386 0.8574 0 259.56 376.63 -159.01 1
0.01694 0.88801 -0.4595 0 -0.57014 0.38611 0.72516 0 0.82137 0.2497 0.51284 0 136.77 258.28 -308.21 1
0.016569 0.88823 -0.4591 0 -0.98874 0.082839 0.12459 0 0.14869 0.45187 0.8796 0 288.93 368.61 -89.719 1
0.01657 0.88823 -0.4591 0 -0.98874 0.08284 0.12459 0 0.14869 0.45187 0.8796 0 288.93 368.61 -89.718 1
0.016571 0.88823 -0.4591 0 -0.98874 0.08284 0.12459 0 0.14869 0.45187 0.8796 0 288.93 368.61 -89.718 1
0.016571 0.88823 -0.4591 0 -0.98874 0.082841 0.12459 0 0.14869 0.45187 0.8796 0 288.93 368.61 -89.718 1
0.016571 0.88823 -0.4591 0 -0.98874 0.082841 0.12459 0 0.14869 0.45187 0.8796 0 288.93 368.61 -89.718 1
0.99727 0.052686 -0.051734 0 -0.038312 0.96815 0.24743 0 0.063122 -0.24477 0.96752 0 11.668 2.617 -73.859 1
0.99727 0.052686 -0.051734 0 -0.038312 0.96815 0.24743 0 0.063122 -0.24478 0.96752 0 11.668 2.6169 -73.86 1
0.99996 0.0079828 -0.0036893 0 -0.0074902 0.99294 0.11834 0 0.0046079 -0.11831 0.99297 0 1.7439 -5.5476 -27.349 1
1 -0.00030142 -0.0028914 0 -0.0009424 0.90729 -0.42051 0 0.0027501 0.42051 0.90728 0 0.23344 14.447 96.847 1
1 -0.0010332 -0.00010748 0 0.0010316 0.97553 0.21985 0 -0.0001223 -0.21985 0.97553 0 -0.0269 5.4721 12.342 1
1 -1.792e-007 3.3541e-007 0 1.8257e-007 0.99995 -0.009861 0 -3.3417e-007 0.0098608 0.99995 0 -0.00010612 4.8067 18.31 1
1 2.2308e-009 9.9066e-009 0 -2.0627e-009 0.99995 -0.0098608 0 -1.0473e-008 0.0098605 0.99995 0 -9.2525e-005 4.8068 18.31 1
0.99999 0.00027696 -0.0043162 0 -0.0015757 0.9527 -0.30392 0 0.0040279 0.30392 0.95269 0 0.38136 3.4994 69.975 1
1 -0.0015383 -0.00060296 0 0.0016426 0.88615 0.46339 0 -0.0001785 -0.46339 0.88615 0 -0.042672 12.218 -31.071 1
1 -2.1812e-007 2.2247e-007 0 1.4872e-007 0.96172 0.27402 0 -2.7425e-007 -0.27402 0.96172 0 0.00010536 10.3 -26.131 1
1 4.4782e-009 8.2299e-009 0 -3.2075e-009 0.99097 -0.13407 0 -9.2607e-009 0.13407 0.99097 0 9.3155e-005 -1.4422 -25.344 1
0.9999 0.0096344 -0.0098651 0 -0.0091263 0.99869 0.05032 0 0.010337 -0.050225 0.99868 0 2.1819 -7.0863 -9.1395 1
0.99913 0.029526 -0.029502 0 -0.024952 0.98913 0.1449 0 0.03346 -0.14403 0.98901 0 7.0491 -4.1464 -38.225 1
0.99757 0.049476 -0.049059 0 -0.036477 0.97075 0.23728 0 0.059364 -0.23492 0.9702 0 11.105 2.3214 -70.741 1
0.99757 0.049438 -0.049068 0 -0.036438 0.97076 0.23728 0 0.059364 -0.23492 0.9702 0 11.091 2.3219 -70.74 1
0.32582 -0.77075 -0.54752 0 0.94393 0.2326 0.23428 0 -0.053224 -0.59316 0.80332 0 -305.14 319.99 -39.742 1
0.23491 -0.94956 -0.20774 0 0.8103 0.073265 0.58141 0 -0.53687 -0.30491 0.78664 0 -245.17 400.31 -208.52 1
0.23488 -0.94955 -0.20781 0 0.97123 0.23792 0.010624 0 0.039355 -0.20433 0.97811 0 -303.68 340.43 -0.91864 1
0.99757 0.049476 -0.049059 0 -0.036476 0.97075 0.23729 0 0.059364 -0.23492 0.9702 0 11.105 2.3214 -70.741 1
0.22345 0.96979 0.097872 0 -0.85716 0.1477 0.49341 0 0.46405 -0.19415 0.86427 0 263.12 356.87 -155.07 1
0.082273 0.89636 -0.43562 0 -0.56435 0.40217 0.72095 0 0.82143 0.18652 0.53895 0 138.96 255.13 -304.6 1
0.081914 0.89659 -0.43522 0 -0.97853 0.15523 0.13561 0 0.18914 0.41477 0.89005 0 289.52 344.98 -91.651 1
0.081916 0.89659 -0.43522 0 -0.97853 0.15523 0.13561 0 0.18914 0.41477 0.89005 0 289.52 344.98 -91.65 1
0.081916 0.89659 -0.43522 0 -0.97853 0.15523 0.13561 0 0.18914 0.41477 0.89005 0 289.52 344.98 -91.65 1
0.081917 0.89659 -0.43522 0 -0.97853 0.15523 0.13561 0 0.18914 0.41477 0.89005 0 289.52 344.98 -91.65 1
0.081916 0.89659 -0.43522 0 -0.97853 0.15523 0.13561 0 0.18914 0.41477 0.89005 0 289.52 344.98 -91.65 1
0.99757 0.049476 -0.049059 0 -0.036477 0.97075 0.23728 0 0.059364 -0.23492 0.9702 0 11.105 2.3212 -70.741 1
0.99757 0.049476 -0.049059 0 -0.036476 0.97075 0.23728 0 0.059364 -0.23492 0.9702 0 11.105 2.3212 -70.741 1
0.99996 0.0079337 -0.0036237 0 -0.0074447 0.99283 0.11932 0 0.0045444 -0.11929 0.99285 0 1.7335 -5.1992 -27.576 1
1 -0.00024808 -0.0028539 0 -0.00095362 0.91059 -0.4133 0 0.0027013 0.4133 0.91059 0 0.23606 14.003 95.186 1
1 -0.0010445 -0.00010626 0 0.0010424 0.97573 0.21898 0 -0.00012505 -0.21898 0.97573 0 -0.027194 5.4402 11.748 1
1 -2.3176e-007 3.6179e-007 0 2.3517e-007 0.99996 -0.0092525 0 -3.6016e-007 0.0092523 0.99996 0 -0.00011734 4.7795 17.677 1
1 -5.7432e-008 5.0049e-008 0 5.7963e-008 0.99996 -0.0092522 0 -5.0053e-008 0.009252 0.99996 0 -0.00010378 4.7795 17.677 1
0.99999 0.00023262 -0.0042543 0 -0.0015585 0.94928 -0.31444 0 0.0039653 0.31444 0.94927 0 0.37739 4.6094 72.4 1
1 -0.001521 -0.00060276 0 0.0016266 0.8846 0.46634 0 -0.00017611 -0.46634 0.8846 0 -0.042272 13.084 -30.424 1
1 -5.2604e-007 1.0425e-007 0 4.7321e-007 0.9575 0.28843 0 -2.5229e-007 -0.28843 0.9575 0 7.9062e-005 11.235 -25.782 1
1 -3.155e-007 -1.1246e-007 0 2.9978e-007 0.99287 -0.11916 0 1.4843e-007 0.11916 0.99287 0 6.5889e-005 -0.51822 -25.172 1
0.99991 0.0094662 -0.0097122 0 -0.0089596 0.99866 0.050939 0 0.010181 -0.050847 0.99865 0 2.139 -6.7613 -9.2689 1
0.99916 0.028977 -0.029043 0 -0.024456 0.98906 0.14544 0 0.03294 -0.14461 0.98894 0 6.9049 -3.8097 -38.333 1
0.99765 0.048544 -0.048295 0 -0.03572 0.97066 0.23779 0 0.058421 -0.2355 0.97011 0 10.869 2.6675 -70.833 1
0.99765 0.048507 -0.048304 0 -0.035682 0.97066 0.23779 0 0.058421 -0.23551 0.97011 0 10.855 2.6681 -70.832 1
0.32858 -0.77195 -0.54417 0 0.94242 0.23 0.24278 0 -0.062254 -0.59261 0.80308 0 -304.71 321.26 -42.894 1
0.23317 -0.95185 -0.19901 0 0.80491 0.074077 0.58876 0 -0.54567 -0.29747 0.78343 0 -242.76 400.48 -211.92 1
0.23314 -0.95185 -0.19909 0 0.97195 0.23457 0.016692 0 0.030812 -0.1974 0.97984 0 -303.51 342.11 -3.8623 1
0.99765 0.048544 -0.048295 0 -0.03572 0.97066 0.23779 0 0.058421 -0.23551 0.97011 0 10.869 2.6676 -70.833 1
0.22347 0.96837 0.11099 0 -0.8607 0.14261 0.48874 0 0.45745 -0.20475 0.86534 0 264.44 359 -152.54 1
0.080733 0.90169 -0.42477 0 -0.5632 0.39288 0.72695 0 0.82237 0.18054 0.53955 0 138.38 259.64 -306.23 1
0.08037 0.90191 -0.42437 0 -0.97838 0.15277 0.13939 0 0.19054 0.40399 0.89469 0 289.31 347 -92.475 1
0.080372 0.90191 -0.42437 0 -0.97838 0.15277 0.13938 0 0.19054 0.40399 0.89469 0 289.31 347 -92.474 1
0.080371 0.90191 -0.42437 0 -0.97838 0.15277 0.13939 0 0.19054 0.40399 0.89469 0 289.31 347 -92.474 1
0.080372 0.90191 -0.42437 0 -0.97838 0.15277 0.13938 0 0.19054 0.40399 0.89469 0 289.31 347 -92.474 1
0.080372 0.90191 -0.42437 0 -0.97838 0.15277 0.13938 0 0.19054 0.40399 0.89469 0 289.31 347 -92.474 1
0.99765 0.048545 -0.048295 0 -0.035721 0.97066 0.23779 0 0.058421 -0.2355 0.97011 0 10.869 2.6674 -70.832 1
0.99765 0.048544 -0.048295 0 -0.03572 0.97066 0.23779 0 0.058421 -0.2355 0.97011 0 10.869 2.6673 -70.833 1
0.99996 0.0078507 -0.0035414 0 -0.0073689 0.99274 0.12003 0 0.004458 -0.12 0.99276 0 1.716 -4.7673 -27.738 1
1 -0.00018221 -0.002804 0 -0.00096587 0.9148 -0.4039 0 0.0026387 0.40391 0.9148 0 0.23892 13.442 93.021 1
1 -0.0010566 -0.00010467 0 0.0010541 0.97599 0.2178 0 -0.00012797 -0.2178 0.97599 0 -0.027469 5.4005 10.979 1
1 -2.864e-007 -1.0259e-008 0 2.8634e-007 0.99996 -0.0087326 0 1.3428e-008 0.0087323 0.99996 0 -9.2983e-005 4.7461 16.863 1
1 -1.2433e-007 -2.9122e-007 0 1.2182e-007 0.99996 -0.0087323 0 2.9296e-007 0.0087319 0.99996 0 -7.9611e-005 4.7462 16.863 1
0.99999 0.00018373 -0.0041693 0 -0.0015287 0.94572 -0.32498 0 0.0038833 0.32498 0.94571 0 0.37048 5.8429 74.83 1
1 -0.0014935 -0.00059469 0 0.0015983 0.88409 0.46732 0 -0.00017217 -0.46732 0.88409 0 -0.041518 13.918 -29.514 1
1 -2.231e-007 1.2398e-008 0 2.0846e-007 0.95275 0.30376 0 -7.969e-008 -0.30376 0.95275 0 9.7978e-005 12.179 -25.245 1
1 -5.5634e-008 -1.7314e-007 0 3.7214e-008 0.99466 -0.10322 0 1.7774e-007 0.10322 0.99466 0 9.347e-005 0.41728 -24.823 1
0.99991 0.0092323 -0.0095145 0 -0.0087318 0.99864 0.051367 0 0.0099758 -0.051279 0.99863 0 2.0808 -6.3468 -9.3571 1
0.9992 0.028239 -0.028449 0 -0.023801 0.98903 0.14579 0 0.032253 -0.14499 0.98891 0 6.7152 -3.3907 -38.395 1
0.99776 0.047302 -0.047308 0 -0.034727 0.97062 0.23808 0 0.05718 -0.2359 0.97009 0 10.561 3.0866 -70.876 1
0.99776 0.047264 -0.047317 0 -0.034688 0.97063 0.23807 0 0.05718 -0.2359 0.97009 0 10.547 3.0872 -70.875 1
0.33101 -0.77403 -0.53973 0 0.94096 0.22777 0.25043 0 -0.070912 -0.59076 0.80372 0 -304.27 322.53 -45.825 1
0.23079 -0.95482 -0.18723 0 0.79974 0.076548 0.59544 0 -0.55421 -0.28716 0.78127 0 -240.37 400.15 -215.42 1
0.23076 -0.95481 -0.1873 0 0.97275 0.23084 0.021673 0 0.022544 -0.1872 0.98206 0 -303.28 344.04 -6.7388 1
0.99776 0.047302 -0.047308 0 -0.034727 0.97062 0.23808 0 0.05718 -0.2359 0.97009 0 10.561 3.0867 -70.876 1
0.22443 0.96642 0.12516 0 -0.86462 0.13823 0.48304 0 0.44951 -0.21663 0.86661 0 265.97 360.96 -149.61 1
0.080979 0.90687 -0.41355 0 -0.56307 0.38398 0.73178 0 0.82243 0.1736 0.54173 0 138.35 264.13 -307.51 1
0.080613 0.90709 -0.41315 0 -0.97832 0.15134 0.14138 0 0.19077 0.39279 0.89962 0 289.3 348.78 -92.717 1
0.080615 0.90709 -0.41315 0 -0.97832 0.15134 0.14138 0 0.19077 0.39279 0.89962 0 289.3 348.78 -92.717 1
0.080614 0.90709 -0.41315 0 -0.97832 0.15134 0.14138 0 0.19077 0.39279 0.89962 0 289.3 348.78 -92.717 1
0.080616 0.90709 -0.41315 0 -0.97832 0.15134 0.14138 0 0.19077 0.39279 0.89962 0 289.3 348.78 -92.717 1
0.080615 0.90709 -0.41315 0 -0.97832 0.15134 0.14138 0 0.19077 0.39279 0.89962 0 289.3 348.78 -92.717 1
0.99776 0.047302 -0.047308 0 -0.034727 0.97063 0.23808 0 0.05718 -0.2359 0.97009 0 10.561 3.0865 -70.875 1
0.99776 0.047302 -0.047308 0 -0.034727 0.97062 0.23808 0 0.05718 -0.2359 0.97009 0 10.561 3.0862 -70.876 1
0.99996 0.0077391 -0.0034433 0 -0.0072678 0.99268 0.12051 0 0.0043508 -0.12048 0.99271 0 1.6927 -4.2767 -27.849 1
1 -0.00010915 -0.0027408 0 -0.00097586 0.91968 -0.39267 0 0.0025636 0.39267 0.91968 0 0.24125 12.789 90.432 1
1 -0.0010672 -0.00010138 0 0.0010638 0.97634 0.21623 0 -0.00013177 -0.21623 0.97634 0 -0.027746 5.3474 10.079 1
1 -2.8233e-008 6.484e-007 0 3.3545e-008 0.99997 -0.008178 0 -6.4782e-007 0.0081778 0.99997 0 -0.000109 4.7016 15.909 1
1 1.3059e-007 3.6907e-007 0 -1.2756e-007 0.99997 -0.0081777 0 -3.698e-007 0.0081774 0.99997 0 -9.5711e-005 4.7016 15.909 1
0.99999 0.0001332 -0.0040634 0 -0.0014888 0.94204 -0.3355 0 0.0037832 0.3355 0.94203 0 0.36125 7.1707 77.256 1
1 -0.0014578 -0.00058067 0 0.0015603 0.88442 0.46669 0 -0.00016677 -0.46669 0.88442 0 -0.040478 14.72 -28.395 1
1 -2.6299e-007 2.7871e-007 0 1.5985e-007 0.9476 0.31946 0 -3.4818e-007 -0.31946 0.9476 0 0.00014621 13.121 -24.551 1
1 -9.5321e-008 1.1309e-007 0 1.0451e-007 0.99623 -0.08677 0 -1.0456e-007 0.08677 0.99623 0 0.00014267 1.3547 -24.324 1
0.99992 0.0089435 -0.0092752 0 -0.008453 0.99863 0.051641 0 0.0097244 -0.051558 0.99862 0 2.0099 -5.8684 -9.4126 1
0.99924 0.027344 -0.027731 0 -0.023014 0.98902 0.14596 0 0.031418 -0.14521 0.9889 0 6.488 -2.9137 -38.42 1
0.99789 0.0458 -0.046115 0 -0.033542 0.97064 0.2382 0 0.055671 -0.23615 0.97012 0 10.193 3.5567 -70.881 1
0.99789 0.045763 -0.046125 0 -0.033503 0.97064 0.23819 0 0.055671 -0.23615 0.97012 0 10.179 3.5573 -70.88 1
0.33318 -0.77684 -0.53433 0 0.93952 0.22586 0.25747 0 -0.079327 -0.58779 0.80511 0 -303.81 323.77 -48.597 1
0.2279 -0.95819 -0.17303 0 0.79474 0.080388 0.60159 0 -0.56253 -0.27462 0.77983 0 -237.98 399.38 -218.97 1
0.22787 -0.95818 -0.1731 0 0.97358 0.22686 0.025862 0 0.01449 -0.17442 0.98456 0 -303.01 346.11 -9.5779 1
0.99788 0.0458 -0.046115 0 -0.033542 0.97064 0.2382 0 0.055671 -0.23615 0.97012 0 10.193 3.5568 -70.881 1
0.226 0.96399 0.14015 0 -0.86882 0.13441 0.47653 0 0.44053 -0.22946 0.86792 0 267.65 362.77 -146.38 1
0.082529 0.91191 -0.40199 0 -0.56381 0.37533 0.73569 0 0.82177 0.16593 0.54513 0 138.77 268.63 -308.49 1
0.082162 0.91212 -0.40159 0 -0.97834 0.15064 0.14199 0 0.19001 0.38123 0.90474 0 289.45 350.38 -92.5 1
0.082163 0.91212 -0.40159 0 -0.97834 0.15064 0.14199 0 0.19001 0.38123 0.90474 0 289.45 350.38 -92.5 1
0.082163 0.91212 -0.40159 0 -0.97834 0.15064 0.14199 0 0.19001 0.38123 0.90474 0 289.45 350.38 -92.5 1
0.082164 0.91212 -0.40159 0 -0.97834 0.15064 0.14199 0 0.19001 0.38123 0.90474 0 289.46 350.38 -92.5 1
0.082164 0.91212 -0.40159 0 -0.97834 0.15064 0.14199 0 0.19001 0.38123 0.90474 0 289.45 350.38 -92.5 1
0.99788 0.045801 -0.046115 0 -0.033542 0.97064 0.23819 0 0.055671 -0.23614 0.97012 0 10.193 3.5566 -70.88 1
0.99788 0.0458 -0.046115 0 -0.033542 0.97064 0.2382 0 0.055671 -0.23615 0.97012 0 10.193 3.5562 -70.881 1
0.99997 0.0075975 -0.0033293 0 -0.00714 0.99266 0.12075 0 0.0042222 -0.12073 0.99268 0 1.6632 -3.7196 -27.905 1
1 -2.6518e-005 -0.0026649 0 -0.0009867 0.92521 -0.37946 0 0.0024757 0.37946 0.9252 0 0.24377 12.058 87.388 1
1 -0.0010779 -9.8226e-005 0 0.0010739 0.97676 0.21431 0 -0.00013506 -0.21431 0.97677 0 -0.027991 5.2925 9.0316 1
1 -9.5002e-008 5.1878e-007 0 9.8891e-008 0.99997 -0.0076278 0 -5.1786e-007 0.0076276 0.99997 0 -9.5608e-005 4.6573 14.797 1
1 6.7665e-008 2.1482e-007 0 -6.609e-008 0.99997 -0.0076276 0 -2.1515e-007 0.0076273 0.99997 0 -8.5945e-005 4.6573 14.797 1
0.99999 8.0224e-005 -0.0039359 0 -0.0014372 0.93822 -0.34603 0 0.003665 0.34603 0.93821 0 0.34936 8.6037 79.684 1
1 -0.0014138 -0.00056019 0 0.0015123 0.88565 0.46434 0 -0.00016037 -0.46434 0.88565 0 -0.039273 15.49 -27.05 1
1 -4.559e-007 3.6213e-008 0 4.1739e-007 0.94197 0.33569 0 -1.8653e-007 -0.33569 0.94197 0 8.8447e-005 14.069 -23.689 1
1 -2.4749e-007 -1.1259e-007 0 2.389e-007 0.99757 -0.069644 0 1.3017e-007 0.069644 0.99757 0 8.5912e-005 2.2998 -23.664 1
0.99992 0.0085967 -0.0089933 0 -0.0081201 0.99863 0.051749 0 0.0094258 -0.051672 0.99862 0 1.9256 -5.3181 -9.4327 1
0.99929 0.026283 -0.026885 0 -0.022087 0.98904 0.14596 0 0.030427 -0.14526 0.98892 0 6.2209 -2.3709 -38.406 1
0.99803 0.044024 -0.044711 0 -0.032151 0.9707 0.23813 0 0.053885 -0.23623 0.9702 0 9.7628 4.085 -70.845 1
0.99803 0.043987 -0.04472 0 -0.032112 0.9707 0.23813 0 0.053885 -0.23623 0.9702 0 9.7487 4.0856 -70.845 1
0.33504 -0.78042 -0.52791 0 0.93813 0.2243 0.2638 0 -0.087464 -0.58364 0.80729 0 -303.33 325 -51.189 1
0.22438 -0.9619 -0.1562 0 0.78998 0.08569 0.60712 0 -0.5706 -0.25962 0.77911 0 -235.6 398.12 -222.57 1
0.22435 -0.9619 -0.15627 0 0.97448 0.22255 0.029183 0 0.0067055 -0.15883 0.98728 0 -302.69 348.35 -12.379 1
0.99803 0.044024 -0.044711 0 -0.03215 0.9707 0.23813 0 0.053885 -0.23623 0.9702 0 9.7628 4.0851 -70.846 1
0.22824 0.96102 0.15602 0 -0.87332 0.13125 0.46913 0 0.43037 -0.24333 0.86924 0 269.49 364.39 -142.81 1
0.085542 0.9168 -0.39008 0 -0.5655 0.36702 0.73859 0 0.8203 0.15741 0.54984 0 139.68 273.12 -309.16 1
0.085175 0.917 -0.38968 0 -0.97844 0.15083 0.14108 0 0.18815 0.36926 0.91008 0 289.79 351.77 -91.786 1
0.085176 0.917 -0.38968 0 -0.97844 0.15084 0.14108 0 0.18815 0.36926 0.91008 0 289.79 351.77 -91.786 1
0.085176 0.917 -0.38968 0 -0.97844 0.15084 0.14108 0 0.18815 0.36926 0.91008 0 289.79 351.77 -91.786 1
0.085178 0.917 -0.38968 0 -0.97844 0.15084 0.14108 0 0.18815 0.36926 0.91008 0 289.79 351.77 -91.786 1
0.085177 0.917 -0.38968 0 -0.97844 0.15084 0.14108 0 0.18815 0.36926 0.91008 0 289.79 351.77 -91.786 1
0.99803 0.044025 -0.044711 0 -0.032151 0.9707 0.23813 0 0.053885 -0.23622 0.9702 0 9.7629 4.0849 -70.845 1
0.99803 0.044024 -0.044711 0 -0.03215 0.9707 0.23813 0 0.053885 -0.23623 0.9702 0 9.7627 4.0847 -70.846 1
0.99997 0.0074319 -0.0031999 0 -0.0069909 0.99265 0.12081 0 0.0040743 -0.12079 0.99267 0 1.6288 -3.1207 -27.918 1
1 5.6873e-005 -0.0025745 0 -0.00099148 0.93118 -0.36455 0 0.0023766 0.36455 0.93118 0 0.2449 11.27 83.951 1
1 -0.0010836 -9.4274e-005 0 0.001079 0.97729 0.21189 0 -0.00013747 -0.21189 0.97729 0 -0.028163 5.2259 7.8826 1
1 -1.723e-007 3.2384e-007 0 1.7456e-007 0.99998 -0.0069585 0 -3.2325e-007 0.0069583 0.99998 0 -0.00013731 4.6041 13.568 1
1 -3.6867e-010 -2.9911e-009 0 3.6554e-010 0.99998 -0.0069584 0 2.3798e-009 0.006958 0.99998 0 -0.00013096 4.6042 13.568 1
0.99999 2.8095e-005 -0.0037889 0 -0.0013767 0.93432 -0.35643 0 0.00353 0.35643 0.93431 0 0.3354 10.104 82.082 1
1 -0.001362 -0.0005348 0 0.0014553 0.8876 0.46061 0 -0.00015267 -0.46061 0.8876 0 -0.037767 16.222 -25.535 1
1 -2.3414e-007 1.2904e-007 0 1.7377e-007 0.93602 0.35193 0 -2.0321e-007 -0.35193 0.93602 0 0.00011306 15.005 -22.694 1
1 -7.3466e-010 -7.4711e-010 0 7.2135e-010 0.99863 -0.052378 0 7.8383e-010 0.052377 0.99863 0 0.00011221 3.2372 -22.872 1
0.99993 0.0082032 -0.0086721 0 -0.0077439 0.99863 0.051732 0 0.0090846 -0.051661 0.99862 0 1.8304 -4.7218 -9.4258 1
0.99935 0.025089 -0.025923 0 -0.021049 0.98909 0.14582 0 0.029298 -0.14518 0.98897 0 5.9221 -1.7865 -38.363 1
0.99819 0.042027 -0.043111 0 -0.030598 0.9708 0.23793 0 0.051852 -0.23618 0.97032 0 9.283 4.6495 -70.779 1
0.99819 0.04199 -0.043121 0 -0.030559 0.9708 0.23793 0 0.051852 -0.23618 0.97032 0 9.2689 4.65 -70.779 1
0.33671 -0.78461 -0.52059 0 0.93676 0.22307 0.26967 0 -0.095455 -0.57847 0.8101 0 -302.83 326.18 -53.673 1
0.22041 -0.96569 -0.13736 0 0.78536 0.092185 0.61214 0 -0.57847 -0.2428 0.77873 0 -233.22 396.44 -226.19 1
0.22039 -0.96568 -0.13742 0 0.97541 0.21806 0.031946 0 -0.00088361 -0.14108 0.99 0 -302.33 350.67 -15.176 1
0.99819 0.042027 -0.043111 0 -0.030598 0.9708 0.23793 0 0.051852 -0.23618 0.97032 0 9.283 4.6495 -70.78 1
0.23086 0.95757 0.17253 0 -0.87801 0.12861 0.46105 0 0.41929 -0.25792 0.87044 0 271.43 365.87 -138.98 1
0.089588 0.92152 -0.37785 0 -0.56795 0.35892 0.74069 0 0.81818 0.14824 0.55553 0 140.98 277.6 -309.57 1
0.089222 0.92172 -0.37745 0 -0.9786 0.15166 0.13903 0 0.1854 0.35697 0.91553 0 290.26 353.01 -90.69 1
0.089223 0.92172 -0.37745 0 -0.9786 0.15166 0.13903 0 0.1854 0.35697 0.91553 0 290.26 353.01 -90.689 1
0.089223 0.92172 -0.37745 0 -0.9786 0.15166 0.13903 0 0.1854 0.35697 0.91553 0 290.26 353.01 -90.69 1
0.089224 0.92172 -0.37745 0 -0.9786 0.15167 0.13903 0 0.1854 0.35697 0.91553 0 290.26 353.01 -90.689 1
0.089224 0.92172 -0.37745 0 -0.9786 0.15167 0.13903 0 0.1854 0.35697 0.91553 0 290.26 353.01 -90.689 1
0.99819 0.042027 -0.043111 0 -0.030598 0.9708 0.23793 0 0.051852 -0.23618 0.97032 0 9.2831 4.6493 -70.779 1
0.99818 0.042027 -0.043111 0 -0.030598 0.9708 0.23793 0 0.051852 -0.23618 0.97032 0 9.283 4.6492 -70.78 1
0.99997 0.0072433 -0.0030555 0 -0.0068216 0.99267 0.1207 0 0.0039073 -0.12067 0.99268 0 1.5898 -2.4852 -27.892 1
1 0.00014041 -0.0024692 0 -0.00099089 0.9375 -0.34799 0 0.002266 0.34799 0.9375 0 0.24481 10.446 80.135 1
1 -0.0010842 -8.8526e-005 0 0.0010787 0.97793 0.20895 0 -0.00013997 -0.20895 0.97793 0 -0.028121 5.1526 6.6405 1
1 4.7059e-008 1.0474e-006 0 -4.0486e-008 0.99998 -0.0061441 0 -1.0488e-006 0.0061439 0.99998 0 -9.7497e-005 4.5471 12.228 1
1 2.4153e-007 7.0719e-007 0 -2.3704e-007 0.99998 -0.0061439 0 -7.0988e-007 0.0061436 0.99998 0 -9.0111e-005 4.5471 12.228 1
0.99999 -2.2375e-005 -0.0036229 0 -0.0013076 0.93034 -0.36668 0 0.0033787 0.36668 0.93034 0 0.31943 11.664 84.446 1
1 -0.0013031 -0.00050508 0 0.0013901 0.89021 0.45555 0 -0.000144 -0.45555 0.89021 0 -0.036057 16.917 -23.859 1
1 -2.6895e-007 2.633e-007 0 1.5294e-007 0.92979 0.36808 0 -3.4474e-007 -0.36808 0.92979 0 0.00012729 15.927 -21.571 1
1 -5.2948e-008 1.5498e-007 0 5.8528e-008 0.99938 -0.035086 0 -1.5395e-007 0.035086 0.99938 0 0.00011615 4.1649 -21.953 1
0.99993 0.0077653 -0.0083122 0 -0.0073263 0.99864 0.051596 0 0.0087016 -0.051532 0.99863 0 1.7249 -4.085 -9.3938 1
0.99941 0.023768 -0.024844 0 -0.019905 0.98915 0.14556 0 0.028034 -0.14498 0.98904 0 5.5934 -1.1657 -38.292 1
0.99835 0.039821 -0.041319 0 -0.028894 0.97093 0.2376 0 0.04958 -0.23602 0.97048 0 8.7569 5.2455 -70.685 1
0.99835 0.039784 -0.041329 0 -0.028855 0.97093 0.2376 0 0.04958 -0.23602 0.97048 0 8.7428 5.2461 -70.685 1
0.33817 -0.78938 -0.51237 0 0.93539 0.22217 0.2751 0 -0.10333 -0.5723 0.81351 0 -302.32 327.31 -56.06 1
0.216 -0.9694 -0.11664 0 0.78089 0.099802 0.61665 0 -0.58614 -0.22428 0.77855 0 -230.84 394.34 -229.8 1
0.21598 -0.9694 -0.1167 0 0.97636 0.21341 0.034228 0 -0.0082765 -0.12133 0.99258 0 -301.92 353.02 -17.982 1
0.99835 0.039821 -0.04132 0 -0.028893 0.97093 0.2376 0 0.04958 -0.23602 0.97048 0 8.7568 5.2455 -70.685 1
0.23374 0.95363 0.18963 0 -0.88285 0.12645 0.45231 0 0.40736 -0.27314 0.87147 0 273.45 367.19 -134.91 1
0.094557 0.92608 -0.3653 0 -0.57112 0.35101 0.74203 0 0.8154 0.13847 0.56209 0 142.65 282.08 -309.74 1
0.094192 0.92627 -0.36491 0 -0.97882 0.15308 0.13592 0 0.18176 0.34437 0.92107 0 290.86 354.09 -89.236 1
0.094194 0.92627 -0.36491 0 -0.97882 0.15309 0.13592 0 0.18176 0.34437 0.92107 0 290.86 354.09 -89.236 1
0.094194 0.92627 -0.36491 0 -0.97882 0.15309 0.13592 0 0.18176 0.34437 0.92107 0 290.86 354.09 -89.236 1
0.094195 0.92627 -0.36491 0 -0.97882 0.15309 0.13592 0 0.18176 0.34437 0.92107 0 290.86 354.09 -89.236 1
0.094195 0.92627 -0.36491 0 -0.97882 0.15309 0.13592 0 0.18176 0.34437 0.92107 0 290.86 354.09 -89.236 1
0.99835 0.039821 -0.041319 0 -0.028894 0.97093 0.2376 0 0.04958 -0.23602 0.97048 0 8.757 5.2453 -70.685 1
0.99835 0.039821 -0.041319 0 -0.028893 0.97093 0.2376 0 0.04958 -0.23602 0.97048 0 8.7568 5.2451 -70.686 1
0.99997 0.0070332 -0.0028961 0 -0.0066333 0.9927 0.12042 0 0.0037219 -0.1204 0.99272 0 1.5464 -1.8183 -27.828 1
1 0.00022027 -0.0023488 0 -0.00098259 0.94405 -0.3298 0 0.0021448 0.3298 0.94405 0 0.24296 9.6016 75.944 1
1 -0.0010773 -8.2676e-005 0 0.0010713 0.97867 0.20545 0 -0.00014042 -0.20545 0.97867 0 -0.027883 5.0767 5.3124 1
1 -3.734e-008 8.9667e-007 0 4.2069e-008 0.99999 -0.0051586 0 -8.9731e-007 0.0051583 0.99999 0 -5.576e-005 4.4906 10.784 1
1 1.7965e-007 5.5192e-007 0 -1.767e-007 0.99999 -0.0051584 0 -5.5369e-007 0.005158 0.99999 0 -4.8952e-005 4.4906 10.784 1
0.99999 -7.0711e-005 -0.0034384 0 -0.0012299 0.92631 -0.37675 0 0.0032117 0.37675 0.92631 0 0.30147 13.273 86.767 1
1 -0.0012375 -0.00047156 0 0.0013175 0.89342 0.44922 0 -0.00013463 -0.44922 0.89342 0 -0.034213 17.575 -22.035 1
1 -4.2714e-007 -3.2722e-008 0 4.0671e-007 0.92332 0.38402 0 -1.3467e-007 -0.38402 0.92332 0 7.6573e-005 16.835 -20.326 1
1 -2.5177e-007 -1.2153e-007 0 2.4968e-007 0.99984 -0.017886 0 1.2515e-007 0.017886 0.99984 0 5.451e-005 5.0806 -20.91 1
0.99994 0.0072856 -0.0079142 0 -0.0068698 0.99866 0.051351 0 0.0082777 -0.051294 0.99865 0 1.6097 -3.4131 -9.3384 1
0.99947 0.022327 -0.023652 0 -0.018662 0.98923 0.14519 0 0.026639 -0.14467 0.98912 0 5.2364 -0.51338 -38.196 1
0.99852 0.037418 -0.039338 0 -0.027047 0.97109 0.23716 0 0.047075 -0.23574 0.97067 0 8.1872 5.8689 -70.565 1
0.99852 0.03738 -0.039347 0 -0.027008 0.97109 0.23716 0 0.047075 -0.23574 0.97067 0 8.1731 5.8696 -70.565 1
0.33945 -0.79467 -0.50326 0 0.93404 0.22157 0.28014 0 -0.11111 -0.56516 0.81747 0 -301.79 328.38 -58.362 1
0.21116 -0.9729 -0.094166 0 0.77657 0.10848 0.62062 0 -0.59359 -0.20418 0.77844 0 -228.47 391.82 -233.39 1
0.21113 -0.9729 -0.09422 0 0.97733 0.2086 0.036093 0 -0.01546 -0.099705 0.9949 0 -301.48 355.4 -20.804 1
0.99852 0.037418 -0.039338 0 -0.027046 0.97109 0.23716 0 0.047075 -0.23575 0.97067 0 8.1872 5.8689 -70.566 1
0.23684 0.94919 0.20725 0 -0.88781 0.1248 0.44297 0 0.3946 -0.28891 0.87225 0 275.53 368.35 -130.62 1
0.10039 0.93044 -0.35244 0 -0.57498 0.34334 0.74264 0 0.81199 0.12809 0.56945 0 144.68 286.53 -309.66 1
0.10003 0.93062 -0.35205 0 -0.97906 0.1551 0.13183 0 0.17729 0.33149 0.92665 0 291.57 355.02 -87.447 1
0.10003 0.93062 -0.35205 0 -0.97906 0.1551 0.13183 0 0.17729 0.33149 0.92665 0 291.57 355.02 -87.446 1
0.10003 0.93062 -0.35205 0 -0.97906 0.1551 0.13183 0 0.17729 0.33149 0.92665 0 291.57 355.02 -87.447 1
0.10003 0.93062 -0.35205 0 -0.97906 0.1551 0.13183 0 0.17729 0.33149 0.92665 0 291.57 355.02 -87.446 1
0.10003 0.93062 -0.35205 0 -0.97906 0.1551 0.13183 0 0.17729 0.33149 0.92665 0 291.57 355.02 -87.446 1
0.99852 0.037418 -0.039338 0 -0.027047 0.97109 0.23716 0 0.047075 -0.23574 0.97067 0 8.1873 5.8687 -70.565 1
0.99852 0.037418 -0.039338 0 -0.027046 0.97109 0.23716 0 0.047075 -0.23574 0.97067 0 8.1872 5.8683 -70.566 1
0.99997 0.0068076 -0.0027225 0 -0.0064316 0.99275 0.12004 0 0.0035199 -0.12002 0.99276 0 1.4999 -1.1447 -27.74 1
1 0.00028283 -0.0022111 0 -0.0009549 0.95065 -0.31026 0 0.0020143 0.31026 0.95065 0 0.23664 8.7554 71.44 1
1 -0.0010534 -7.6092e-005 0 0.0010472 0.97954 0.20122 0 -0.00013743 -0.20122 0.97954 0 -0.027364 4.9865 3.9452 1
1 -3.1805e-007 3.0612e-008 0 3.1825e-007 0.99999 -0.0038785 0 -3.0131e-008 0.0038782 0.99999 0 -0.00016543 4.4236 9.2737 1
1 -1.1241e-007 -2.92e-007 0 1.1136e-007 0.99999 -0.0038782 0 2.9168e-007 0.0038779 0.99999 0 -0.00015844 4.4237 9.2737 1
0.99999 -0.00011408 -0.0032376 0 -0.0011461 0.92229 -0.3865 0 0.0030301 0.3865 0.92228 0 0.2821 14.89 89.015 1
1 -0.0011656 -0.00043569 0 0.0012381 0.89704 0.44195 0 -0.00012428 -0.44195 0.89704 0 -0.032085 18.188 -20.118 1
1 1.0991e-007 2.7815e-007 0 -2.1206e-007 0.91683 0.39927 0 -2.1195e-007 -0.39927 0.91683 0 0.00015895 17.709 -18.996 1
1 2.2611e-007 1.9837e-007 0 -2.2573e-007 1 -0.0013146 0 -1.995e-007 0.0013144 1 0 0.00014008 5.9658 -19.775 1
0.99995 0.0067753 -0.0074815 0 -0.0063849 0.99868 0.051035 0 0.0078174 -0.050985 0.99867 0 1.4874 -2.732 -9.2681 1
0.99953 0.020799 -0.022356 0 -0.01735 0.98932 0.14474 0 0.025127 -0.14428 0.98922 0 4.8595 0.14609 -38.085 1
0.9987 0.034871 -0.037184 0 -0.025102 0.97127 0.23664 0 0.044368 -0.2354 0.97088 0 7.588 6.4972 -70.43 1
0.9987 0.034833 -0.037193 0 -0.025064 0.97127 0.23664 0 0.044368 -0.2354 0.97088 0 7.5739 6.498 -70.43 1
0.34066 -0.80034 -0.49336 0 0.93263 0.22128 0.28501 0 -0.11894 -0.55722 0.8218 0 -301.24 329.37 -60.652 1
0.20609 -0.97598 -0.070586 0 0.77232 0.11794 0.62419 0 -0.60088 -0.18315 0.77807 0 -226.09 388.93 -236.92 1
0.20606 -0.97599 -0.070634 0 0.97828 0.20381 0.037821 0 -0.022517 -0.076894 0.99678 0 -300.99 357.7 -23.663 1
0.9987 0.034871 -0.037184 0 -0.025102 0.97127 0.23664 0 0.044368 -0.2354 0.97088 0 7.588 6.4973 -70.431 1
0.23988 0.94434 0.22511 0 -0.89279 0.12352 0.43322 0 0.3813 -0.3049 0.87272 0 277.62 369.38 -126.18 1
0.10668 0.9346 -0.33934 0 -0.57932 0.33579 0.74272 0 0.80809 0.11735 0.57725 0 146.94 290.95 -309.39 1
0.10632 0.93477 -0.33896 0 -0.97931 0.15747 0.12709 0 0.17217 0.31844 0.93218 0 292.34 355.84 -85.43 1
0.10632 0.93477 -0.33896 0 -0.97931 0.15747 0.12709 0 0.17217 0.31844 0.93218 0 292.34 355.84 -85.43 1
0.10632 0.93477 -0.33896 0 -0.97931 0.15747 0.12709 0 0.17217 0.31844 0.93218 0 292.34 355.84 -85.43 1
0.10632 0.93477 -0.33896 0 -0.97931 0.15747 0.12709 0 0.17217 0.31844 0.93218 0 292.34 355.84 -85.43 1
0.10632 0.93477 -0.33896 0 -0.97931 0.15747 0.12709 0 0.17217 0.31844 0.93218 0 292.34 355.84 -85.43 1
0.9987 0.034871 -0.037184 0 -0.025103 0.97127 0.23664 0 0.044368 -0.2354 0.97088 0 7.5881 6.4971 -70.43 1
